138.60	139.10	138.84	138.80	14.00
139.00	140.00	139.43	139.40	24.00
138.50	139.00	138.70	138.60	26.00
135.20	138.50	136.76	136.70	23.00
135.10	139.70	136.28	136.20	39.00
135.00	138.50	136.44	137.40	39.00
137.00	140.00	137.57	137.40	15.00
134.00	135.50	134.43	134.10	42.00
129.00	134.20	131.91	131.70	29.00
131.00	136.00	134.64	134.80	37.00
132.50	135.00	134.16	134.10	32.00
130.00	132.00	130.81	130.70	22.00
130.50	132.50	131.82	131.90	14.00
133.30	134.80	134.37	134.30	21.00
133.00	135.00	134.17	133.80	12.00
133.90	134.50	134.08	134.00	39.00
134.50	135.00	134.64	134.60	25.00
133.20	134.60	134.02	134.10	13.00
133.40	136.00	134.24	134.10	17.00
133.00	134.10	133.56	133.50	17.00
128.10	133.00	131.42	130.50	44.00
131.00	132.50	131.98	131.90	17.00
128.30	130.00	128.96	129.00	22.00
127.10	128.50	127.95	127.90	8.00
127.00	130.00	128.40	128.00	51.00
130.00	133.00	131.83	132.10	52.00
128.00	132.00	130.21	129.90	30.00
129.00	131.00	129.77	129.80	21.00
130.40	132.80	131.49	131.60	33.00
130.00	133.90	131.33	131.20	31.00
128.10	130.00	129.01	128.60	55.00
126.60	129.00	127.92	127.80	18.00
127.00	128.00	127.47	127.50	11.00
127.60	128.10	127.98	127.90	49.00
127.50	128.00	127.80	127.80	14.00
120.00	129.00	127.81	127.90	26.00
126.80	128.00	127.21	127.10	13.00
127.00	128.00	127.50	127.40	41.00
127.20	128.00	127.56	127.50	25.00
126.50	127.00	126.82	126.80	45.00
120.00	126.70	124.19	121.90	92.00
122.00	125.00	122.63	122.50	53.00
122.20	124.50	122.99	122.80	27.00
122.00	123.00	122.29	122.20	72.00
121.50	123.60	122.32	122.80	57.00
123.00	126.00	125.10	125.20	49.00
126.00	132.90	129.75	131.70	134.00
130.50	135.00	133.33	131.10	147.00
126.00	131.00	128.20	127.30	72.00
123.00	127.00	125.80	125.70	61.00
121.00	125.70	123.09	124.40	189.00
123.00	126.00	124.66	124.90	27.00
124.00	127.00	125.93	126.00	47.00
124.00	125.50	125.03	125.00	59.00
125.00	127.00	126.43	126.60	59.00
125.80	126.20	125.98	125.90	25.00
125.60	128.00	126.27	126.30	46.00
125.60	126.00	125.98	125.90	16.00
124.00	127.00	125.18	124.80	28.00
120.00	124.00	122.69	122.60	44.00
119.90	122.00	120.63	120.00	105.00
119.00	120.00	119.40	119.00	71.00
119.00	120.00	119.70	119.50	25.00
117.10	120.00	117.95	117.60	53.00
120.50	125.00	122.23	122.70	98.00
121.20	125.00	122.67	122.00	46.00
119.00	122.20	119.88	119.20	29.00
119.00	121.00	120.19	120.20	36.00
118.50	120.40	119.05	119.11	31.00
118.10	119.90	118.64	118.40	53.00
118.30	119.00	118.82	118.70	35.00
118.00	119.00	118.60	118.50	28.00
117.40	119.90	118.34	118.80	37.00
117.50	119.00	118.05	118.00	24.00
116.00	118.00	116.70	116.20	55.00
115.70	119.00	116.13	116.00	20.00
117.00	118.80	118.21	117.70	8.00
116.80	118.20	117.81	117.70	22.00
117.50	120.00	118.46	118.20	31.00
118.00	126.00	120.17	118.10	20.00
118.00	119.00	118.36	118.30	24.00
118.00	119.90	119.02	119.00	23.00
119.00	119.00	119.00	119.00	1.00
116.00	119.00	118.00	117.50	3.00
119.00	119.00	119.00	119.00	1.00
98.00	108.00	100.05	99.30	61.00
98.20	105.00	101.20	102.90	107.00
99.00	104.90	102.94	104.00	52.00
101.00	103.00	102.06	101.50	44.00
101.50	104.30	103.13	103.50	89.00
103.50	110.00	106.00	108.60	115.00
109.00	111.00	110.03	109.90	51.00
107.00	113.60	110.65	111.20	131.00
111.10	114.80	114.09	114.50	73.00
111.30	114.90	113.98	114.40	45.00
114.00	114.90	114.57	114.60	21.00
114.60	115.90	115.17	115.30	42.00
110.00	118.60	117.08	118.20	87.00
118.00	121.30	120.33	121.10	75.00
114.80	121.90	120.24	121.30	39.00
119.00	122.50	121.02	121.00	35.00
120.00	122.00	120.91	120.80	37.00
116.10	121.30	120.09	120.80	30.00
118.70	121.00	120.57	120.40	12.00
117.00	121.00	119.56	119.40	8.00
118.00	120.00	119.22	119.20	25.00
118.10	121.00	119.88	120.20	49.00
118.20	122.00	120.72	121.30	61.00
119.90	122.80	121.97	121.90	32.00
120.00	123.00	122.21	122.20	17.00
118.00	122.50	120.81	122.30	98.00
115.00	122.90	122.28	122.60	94.00
118.50	122.40	120.95	121.90	32.00
118.60	122.00	120.76	120.60	44.00
119.00	122.00	120.62	120.50	44.00
119.00	122.00	121.19	121.10	15.00
118.80	122.00	121.29	121.30	29.00
121.90	122.50	122.18	122.10	21.00
120.10	123.00	121.97	121.90	7.00
121.50	122.40	121.92	121.80	18.00
120.00	122.40	121.72	121.40	25.00
120.00	122.40	121.45	121.20	43.00
119.30	122.00	121.27	121.20	31.00
118.60	122.40	120.68	120.30	25.00
119.00	121.50	120.19	119.30	37.00
118.00	121.90	119.15	118.70	30.00
117.80	121.00	118.96	118.90	30.00
118.00	122.00	119.22	118.60	26.00
119.00	123.50	120.86	120.80	69.00
120.00	123.90	121.32	121.50	44.00
120.00	123.40	122.08	122.20	23.00
119.50	123.00	121.66	121.60	60.00
119.70	123.50	122.64	122.70	82.00
119.00	120.00	119.32	119.20	19.00
118.50	119.00	118.53	118.50	18.00
118.50	118.60	118.55	118.50	2.00
117.00	118.50	117.43	117.40	38.00
117.00	128.00	118.26	117.00	9.00
116.30	116.80	116.71	116.70	9.00
114.10	116.00	115.10	115.10	17.00
113.70	114.50	114.08	114.00	18.00
110.00	114.00	111.77	110.30	34.00
108.00	111.10	109.32	108.70	28.00
109.00	110.00	109.64	109.80	14.00
109.50	110.50	110.18	110.10	35.00
110.50	112.00	111.73	111.80	7.00
111.00	111.00	111.00	111.00	1.00
106.40	110.00	108.20	107.10	40.00
106.20	108.20	107.56	107.50	29.00
107.00	109.00	108.04	108.00	23.00
108.00	108.50	108.11	108.10	15.00
106.00	106.50	106.18	106.20	18.00
105.00	106.50	105.66	105.50	15.00
104.10	106.00	104.86	104.80	14.00
103.00	105.50	103.91	103.80	28.00
102.00	105.70	102.71	102.50	19.00
103.00	103.10	103.03	103.00	3.00
103.50	104.00	103.75	103.80	2.00
103.10	103.80	103.46	103.50	7.00
104.10	104.10	104.10	104.10	1.00
104.80	105.20	105.02	105.00	9.00
104.00	105.50	104.90	104.70	28.00
103.00	105.00	103.63	103.40	8.00
104.00	104.00	104.00	104.00	4.00
103.50	104.80	104.15	104.30	2.00
104.00	104.00	104.00	104.00	1.00
103.50	105.50	104.09	104.10	15.00
105.80	105.80	105.80	105.80	1.00
103.20	104.00	103.35	103.30	19.00
103.50	104.50	104.00	104.20	8.00
104.10	104.30	104.22	104.20	10.00
104.00	105.00	104.65	104.70	8.00
104.20	104.90	104.55	104.40	2.00
104.20	105.00	104.43	104.30	4.00
103.00	104.00	103.59	103.20	9.00
103.20	103.20	103.20	103.20	2.00
104.00	106.00	104.83	104.80	15.00
104.10	106.00	104.47	104.50	13.00
104.00	105.50	104.99	105.10	16.00
103.60	104.10	103.97	103.90	19.00
103.60	103.80	103.73	103.70	12.00
103.50	106.00	104.11	104.00	25.00
104.00	105.00	104.82	104.70	14.00
103.00	105.00	103.94	104.00	17.00
102.60	105.00	104.35	104.40	13.00
102.10	105.00	103.26	103.10	24.00
102.00	104.00	102.62	102.40	25.00
103.00	103.50	103.14	103.10	16.00
101.50	102.90	101.89	101.90	46.00
102.00	104.50	102.96	103.00	27.00
101.60	105.00	101.98	101.90	19.00
101.00	102.50	101.92	102.00	23.00
95.00	102.00	101.32	101.80	13.00
100.00	102.90	101.84	101.90	18.00
101.50	102.50	101.84	101.80	18.00
95.00	101.50	100.86	101.30	12.00
101.00	101.50	101.14	101.10	17.00
101.00	101.20	101.03	101.00	8.00
101.00	103.00	101.62	101.40	13.00
102.00	103.00	102.84	102.80	7.00
101.80	102.50	102.03	101.90	3.00
101.70	103.00	102.44	102.50	14.00
102.00	105.00	103.14	103.00	19.00
101.70	103.00	102.33	102.20	4.00
100.00	101.00	100.59	100.20	46.00
99.20	99.20	99.20	99.20	6.00
100.00	101.00	100.43	100.30	8.00
100.00	100.20	100.10	100.10	3.00
101.00	102.00	101.50	101.20	2.00
101.00	101.00	101.00	101.00	2.00
100.00	100.00	100.00	100.00	4.00
100.00	100.50	100.44	100.40	9.00
98.00	100.50	100.05	100.30	12.00
97.20	98.10	97.76	97.70	8.00
97.50	98.40	97.81	97.80	10.00
99.00	100.00	99.89	99.80	9.00
99.00	100.00	99.49	99.40	9.00
98.00	99.00	98.69	98.60	9.00
98.00	98.20	98.10	98.00	22.00
97.70	99.00	98.12	98.10	18.00
99.00	99.90	99.33	99.40	9.00
97.00	98.50	97.90	97.50	5.00
97.10	99.90	98.00	97.80	6.00
97.00	99.90	98.19	98.30	9.00
97.20	99.90	98.06	98.30	7.00
98.00	99.00	98.67	98.80	6.00
97.00	98.50	97.67	97.40	14.00
95.50	97.00	95.90	95.60	4.00
95.00	96.00	95.28	95.20	11.00
94.30	97.00	95.20	95.00	17.00
94.60	96.10	95.34	95.50	21.00
94.60	95.80	95.10	95.20	25.00
94.50	95.50	94.85	94.70	24.00
93.20	94.00	93.63	93.60	25.00
90.00	93.00	91.39	91.40	22.00
91.00	93.90	91.97	91.90	3.00
87.00	91.10	87.41	91.10	10.00
91.10	92.10	91.43	91.30	8.00
92.30	94.00	93.05	93.10	6.00
92.90	93.00	92.98	92.90	18.00
91.50	92.00	91.87	91.90	15.00
91.30	92.60	91.68	91.80	8.00
91.00	93.00	91.67	91.30	9.00
91.00	91.20	91.08	91.00	4.00
95.00	99.70	97.59	97.90	11.00
96.00	97.60	96.89	96.90	18.00
95.10	95.40	95.27	95.20	13.00
93.50	95.30	94.29	94.20	9.00
93.00	95.00	93.41	93.50	16.00
93.10	95.00	93.58	93.50	13.00
92.60	92.80	92.70	92.70	2.00
92.60	94.00	93.11	93.00	14.00
92.10	93.00	92.40	92.50	4.00
93.00	94.00	93.63	93.50	6.00
92.00	93.00	92.46	92.40	7.00
92.40	93.00	92.50	92.40	8.00
91.00	93.00	91.75	91.20	47.00
93.10	93.10	93.10	93.10	1.00
92.50	93.20	93.01	92.90	31.00
92.50	93.00	92.79	92.90	27.00
92.90	93.00	92.98	92.90	5.00
90.50	93.00	90.76	90.50	50.00
90.00	99.00	90.93	90.00	11.00
89.50	90.00	89.73	89.70	15.00
90.00	90.00	90.00	90.00	22.00
90.10	90.50	90.31	90.30	7.00
89.40	90.20	89.68	89.60	8.00
88.70	90.00	89.20	89.00	25.00
88.00	88.80	88.49	88.50	19.00
89.60	89.60	89.60	89.60	1.00
88.50	89.50	89.21	89.20	7.00
89.00	94.00	90.20	89.10	5.00
88.40	89.00	88.58	88.50	11.00
88.00	90.00	88.22	88.00	11.00
87.30	88.00	87.66	87.60	14.00
87.20	87.60	87.45	87.40	4.00
86.60	88.00	87.05	86.90	10.00
88.00	88.00	88.00	88.00	2.00
88.00	89.00	88.26	88.20	29.00
88.40	88.60	88.56	88.50	8.00
88.60	88.70	88.64	88.60	5.00
88.70	90.00	88.92	88.80	6.00
87.20	89.00	88.53	88.20	6.00
87.50	89.50	87.82	87.90	14.00
85.60	87.50	86.63	86.70	6.00
85.00	87.00	85.68	85.40	19.00
86.40	88.00	87.01	87.00	13.00
87.00	88.00	87.50	87.40	8.00
88.40	89.70	89.31	89.10	17.00
89.50	89.90	89.57	89.50	6.00
89.00	90.50	89.82	89.60	33.00
89.80	90.00	89.95	89.90	8.00
89.20	89.50	89.47	89.40	20.00
89.50	90.10	89.96	89.90	19.00
89.00	90.00	89.28	89.20	24.00
88.90	90.00	89.48	89.20	4.00
89.00	89.50	89.07	89.00	9.00
87.30	90.00	88.85	88.70	4.00
90.00	90.50	90.17	90.10	3.00
89.00	90.60	89.39	89.20	8.00
88.50	90.00	89.35	89.50	4.00
89.50	90.00	89.83	89.90	12.00
89.00	89.10	89.03	76.60	4.00
88.60	89.40	88.78	88.70	6.00
90.00	90.10	90.01	90.00	19.00
84.00	91.00	90.04	90.40	16.00
89.10	90.40	89.40	89.50	12.00
89.60	91.80	90.33	90.30	3.00
88.00	89.00	88.43	87.80	17.00
85.00	88.50	87.18	88.20	4.00
88.00	89.90	88.33	88.20	14.00
86.00	87.10	86.51	86.40	11.00
85.00	86.10	85.60	85.60	24.00
78.00	86.90	85.18	85.50	17.00
85.00	86.00	85.44	85.30	11.00
85.00	85.50	85.17	85.20	3.00
86.30	88.00	86.68	86.50	9.00
86.00	92.80	86.62	86.10	11.00
85.70	86.00	85.85	85.80	2.00
85.00	88.00	86.08	86.80	4.00
76.50	115.00	78.78	77.50	141.00
76.00	77.50	76.80	76.60	56.00
74.90	75.50	75.05	75.00	26.00
73.00	75.00	73.86	73.50	22.00
72.60	80.00	74.39	72.90	10.00
72.60	80.10	73.23	72.90	29.00
73.00	80.10	75.17	74.70	46.00
74.20	82.10	76.66	76.20	80.00
75.00	77.10	76.46	76.40	5.00
75.00	77.00	76.06	76.30	15.00
75.50	76.30	75.91	75.90	14.00
70.00	72.70	71.27	71.50	24.00
70.50	71.10	70.89	70.90	21.00
67.00	72.00	71.08	71.70	9.00
69.00	70.50	69.78	69.80	20.00
68.00	68.10	68.00	68.00	25.00
67.00	69.00	67.36	67.00	29.00
66.00	66.20	66.10	66.10	5.00
66.50	68.00	67.18	67.20	23.00
66.70	71.10	67.38	66.70	24.00
66.50	66.80	66.65	66.60	29.00
65.20	66.30	66.05	66.00	13.00
66.20	67.20	66.99	67.00	23.00
67.00	68.00	67.21	67.10	18.00
66.00	67.00	66.30	66.40	26.00
66.40	66.80	66.56	66.60	19.00
65.00	68.30	67.05	67.60	11.00
67.00	67.80	67.27	67.30	10.00
66.50	67.40	66.98	66.90	16.00
66.20	66.80	66.52	66.50	6.00
66.00	66.70	66.15	66.10	28.00
66.00	66.10	66.01	66.00	18.00
64.00	66.10	64.88	64.40	50.00
64.70	66.90	65.21	65.10	15.00
61.00	66.50	65.70	66.30	11.00
66.70	70.00	67.18	66.70	10.00
66.50	68.60	68.23	68.10	27.00
66.10	68.10	67.63	67.40	26.00
66.40	68.00	66.93	66.70	38.00
66.30	67.80	66.75	66.60	13.00
65.40	67.90	65.89	65.70	32.00
67.00	74.50	69.47	70.40	133.00
67.50	72.00	69.99	69.70	25.00
68.00	70.80	69.98	69.90	20.00
70.50	72.30	71.68	71.90	29.00
71.50	73.00	72.24	72.00	26.00
71.00	71.50	71.34	71.40	40.00
70.20	71.50	70.78	71.00	51.00
69.00	71.00	69.76	69.90	23.00
69.00	70.90	69.90	70.30	5.00
69.00	70.50	69.68	69.80	17.00
66.00	70.00	68.93	68.90	25.00
68.00	68.20	68.12	68.10	5.00
67.80	68.50	68.13	68.10	6.00
67.40	67.50	67.45	67.40	6.00
67.10	67.10	67.10	67.10	1.00
67.30	68.00	67.60	67.40	3.00
67.00	68.00	67.28	67.30	20.00
68.00	68.20	68.09	68.10	9.00
68.10	68.40	68.24	68.20	15.00
63.00	69.80	68.78	69.00	35.00
68.20	69.10	68.73	68.80	21.00
68.10	69.00	68.55	68.50	19.00
67.30	71.00	68.79	69.60	70.00
68.80	70.40	69.95	70.10	46.00
70.40	74.00	72.17	73.20	62.00
72.00	75.00	73.21	73.00	42.00
71.40	73.50	72.32	72.60	42.00
68.00	73.70	72.49	72.40	27.00
70.00	73.50	72.38	72.30	125.00
70.00	74.00	72.24	72.10	88.00
73.00	73.90	73.57	73.50	37.00
71.00	73.50	72.04	71.40	59.00
68.00	71.80	70.53	70.30	52.00
68.00	70.50	68.81	68.40	95.00
68.50	70.00	68.73	68.70	37.00
68.10	69.60	68.76	68.60	54.00
67.20	68.20	67.81	67.70	27.00
66.10	67.40	66.49	66.10	87.00
66.30	67.00	66.53	66.50	44.00
66.10	67.50	66.48	66.50	22.00
66.00	67.00	66.44	66.20	33.00
66.50	67.50	67.20	67.10	15.00
68.00	69.40	68.70	69.00	68.00
69.10	70.40	70.02	70.10	84.00
69.20	70.10	69.73	69.60	118.00
68.00	68.50	68.25	68.00	34.00
67.80	70.00	69.70	69.80	41.00
68.10	69.00	68.29	68.20	18.00
68.00	68.00	68.00	68.00	3.00
67.00	68.50	67.26	67.20	18.00
67.00	67.20	67.01	67.00	19.00
66.50	66.80	66.67	66.60	10.00
66.60	66.60	66.60	66.60	3.00
62.00	67.60	66.66	67.20	10.00
66.20	67.70	67.36	67.40	14.00
67.00	68.20	67.46	67.50	11.00
68.00	68.00	68.00	68.00	1.00
62.00	62.00	62.00	68.00	1.00
65.60	66.50	66.02	66.00	10.00
60.00	66.10	65.72	66.00	21.00
66.20	69.20	67.06	66.90	17.00
67.80	68.50	68.04	68.10	26.00
66.50	67.90	66.84	66.70	24.00
66.40	66.70	66.52	66.50	21.00
66.40	67.00	66.60	66.60	22.00
66.20	66.20	66.20	66.20	1.00
66.70	67.00	66.85	66.70	10.00
66.00	67.00	66.76	66.80	7.00
66.30	67.00	66.63	66.80	37.00
65.10	67.50	67.16	67.20	19.00
67.00	67.20	67.08	67.00	21.00
67.70	68.30	67.95	67.90	37.00
62.20	69.10	68.41	68.90	62.00
63.10	72.80	70.90	71.90	33.00
70.10	70.90	70.65	70.50	12.00
70.20	70.50	70.33	70.30	19.00
70.20	71.00	70.33	70.30	41.00
70.40	71.00	70.56	70.50	77.00
70.00	73.90	70.45	70.30	30.00
65.00	70.00	69.06	69.80	12.00
65.00	68.50	68.21	68.00	61.00
69.00	69.50	69.16	69.10	5.00
71.00	71.40	71.06	71.00	7.00
68.60	71.00	70.43	70.60	26.00
70.50	71.80	71.01	71.10	45.00
71.00	74.30	71.88	72.50	63.00
72.50	76.50	74.75	75.20	67.00
70.00	78.00	77.02	77.10	82.00
74.00	78.00	76.28	75.10	52.00
72.00	76.00	75.25	75.30	25.00
72.00	80.00	75.93	75.00	46.00
74.00	75.00	74.52	74.60	11.00
72.50	73.20	72.73	72.60	24.00
74.00	74.30	74.02	74.00	13.00
73.00	74.00	73.25	73.00	28.00
72.00	73.90	72.96	72.80	16.00
73.50	76.00	75.03	75.60	66.00
76.60	78.00	77.08	77.30	71.00
76.00	77.00	76.83	76.90	18.00
76.90	77.20	77.06	77.10	32.00
77.00	77.50	77.16	77.20	27.00
75.50	76.50	76.02	76.10	23.00
76.00	78.00	76.81	77.00	28.00
76.00	77.00	76.43	76.70	30.00
77.00	77.20	77.05	77.00	26.00
77.00	78.40	77.57	77.50	24.00
76.00	78.30	77.67	77.90	34.00
76.00	92.00	85.05	88.60	185.00
84.40	87.00	85.47	85.20	69.00
82.50	84.50	83.47	83.30	23.00
81.00	83.00	82.31	82.30	51.00
80.00	85.00	84.09	84.20	46.00
83.20	85.00	84.44	84.10	41.00
82.00	82.00	82.00	82.00	4.00
83.00	83.70	83.26	83.20	8.00
79.00	82.10	80.69	81.00	7.00
80.00	80.30	80.04	80.00	30.00
80.00	81.00	80.35	80.30	17.00
80.00	80.50	80.08	80.10	18.00
79.00	80.00	79.42	79.30	20.00
78.00	83.00	81.76	82.00	23.00
82.00	85.00	83.18	82.40	95.00
81.50	86.00	82.65	82.60	31.00
82.30	85.00	83.82	84.50	58.00
83.20	84.50	83.91	83.60	30.00
84.00	85.80	84.74	84.90	57.00
83.00	85.00	84.50	84.10	50.00
82.70	86.00	84.76	85.20	46.00
86.00	89.00	87.30	87.90	71.00
75.00	85.90	84.81	85.10	25.00
80.00	85.50	84.84	85.00	33.00
84.20	85.50	84.60	84.70	80.00
80.00	85.50	84.47	84.60	37.00
84.00	85.00	84.56	84.00	79.00
82.00	85.00	83.96	84.10	54.00
83.50	85.00	84.26	84.10	31.00
83.10	83.50	83.17	83.10	61.00
82.00	83.60	82.64	82.10	65.00
78.20	85.80	81.21	81.00	11.00
78.10	82.50	81.04	80.90	17.00
78.00	82.50	81.05	81.50	13.00
80.00	82.00	80.35	80.10	31.00
80.10	81.00	80.34	80.40	5.00
81.00	82.20	81.23	81.00	11.00
80.00	81.10	80.47	80.00	35.00
79.10	83.00	80.56	80.60	11.00
80.60	86.00	83.48	84.70	51.00
80.00	92.90	89.22	90.30	219.00
86.10	95.00	90.32	86.70	93.00
83.00	87.00	83.81	83.80	30.00
83.20	85.00	83.91	84.00	47.00
83.30	85.00	83.96	83.90	29.00
83.00	84.00	83.68	83.60	18.00
82.50	83.50	83.04	82.90	23.00
80.00	84.50	81.08	80.30	46.00
80.00	82.10	81.15	80.80	14.00
81.40	82.90	82.19	82.10	17.00
80.50	83.00	81.55	81.30	22.00
74.00	82.00	80.50	81.20	10.00
80.10	82.00	80.62	80.90	13.00
80.50	83.90	82.23	82.90	47.00
81.50	81.60	81.55	81.50	2.00
81.00	82.00	81.17	81.20	26.00
81.20	81.20	81.20	81.20	1.00
82.50	84.00	83.38	82.80	119.00
83.90	90.80	87.70	86.30	219.00
80.00	88.00	86.61	86.20	98.00
83.70	85.30	84.56	84.10	30.00
82.30	83.70	83.07	83.10	16.00
82.80	84.00	83.49	83.20	70.00
82.00	83.00	82.33	82.30	34.00
77.00	82.60	81.78	81.80	42.00
80.50	86.00	81.92	81.60	26.00
80.50	82.20	81.26	80.80	46.00
80.00	82.00	80.56	80.20	36.00
80.30	80.30	80.30	80.30	1.00
80.00	80.10	80.01	80.00	14.00
79.60	80.10	79.93	79.90	21.00
78.90	87.00	79.79	79.10	57.00
73.00	80.00	79.30	79.50	22.00
77.00	79.20	78.56	78.20	47.00
73.00	78.70	76.47	75.40	18.00
74.00	75.50	74.75	75.50	2.00
67.00	125.00	72.34	71.70	190.00
70.50	84.00	71.40	70.80	61.00
64.00	78.80	70.90	70.90	71.00
69.50	78.80	71.18	69.90	67.00
69.90	77.90	72.40	72.60	172.00
72.50	79.80	73.98	73.00	134.00
70.20	80.30	75.22	75.80	149.00
72.10	83.30	75.28	74.90	48.00
72.50	82.00	77.01	74.80	81.00
70.00	83.30	74.33	74.00	45.00
70.00	81.40	75.37	74.60	89.00
72.10	82.00	75.41	74.70	101.00
70.20	82.10	75.14	73.80	36.00
72.30	74.00	73.01	73.00	8.00
71.50	80.00	74.84	74.60	28.00
71.80	73.00	72.15	72.20	58.00
72.00	74.00	72.70	72.20	48.00
70.00	73.50	72.92	73.30	41.00
72.10	74.30	73.61	73.50	67.00
73.10	74.00	73.65	73.60	33.00
72.00	76.20	75.23	75.00	70.00
74.30	76.70	75.46	75.00	43.00
74.00	77.00	74.60	74.30	45.00
69.00	76.00	74.10	74.00	37.00
73.30	74.10	73.84	73.60	43.00
72.40	74.00	73.17	72.60	50.00
70.00	72.80	72.19	72.30	16.00
71.00	77.00	72.66	71.70	35.00
69.00	77.00	71.90	71.40	20.00
71.00	74.00	72.12	72.80	51.00
71.60	73.50	72.33	71.90	74.00
74.10	75.10	74.85	74.80	35.00
70.00	73.00	72.33	72.40	21.00
72.70	73.00	72.82	72.80	16.00
74.80	76.30	75.60	76.00	95.00
75.50	77.40	76.11	75.70	50.00
76.00	78.90	77.05	76.20	128.00
73.00	74.00	73.61	73.50	16.00
72.10	72.60	72.31	72.30	19.00
69.50	77.00	73.80	73.80	84.00
72.90	74.00	73.13	73.00	21.00
72.60	73.00	72.97	72.90	12.00
73.00	76.00	73.65	73.10	11.00
74.80	76.00	75.19	75.20	48.00
70.00	76.00	75.00	75.20	104.00
74.40	79.00	75.78	74.60	72.00
70.00	73.80	73.19	73.30	21.00
70.00	78.00	73.76	73.60	18.00
74.40	75.00	74.60	74.50	52.00
73.00	74.40	74.01	74.00	63.00
71.00	75.50	74.35	73.70	52.00
73.80	74.40	74.06	74.00	41.00
73.80	75.00	74.71	74.60	62.00
70.20	80.00	76.84	77.80	101.00
77.10	79.80	78.12	77.90	72.00
70.20	78.00	76.72	77.30	12.00
75.00	76.50	76.12	76.10	79.00
75.60	76.00	75.96	75.90	31.00
75.60	77.40	76.81	77.00	97.00
76.00	77.80	77.16	77.00	69.00
75.40	83.00	76.43	76.20	31.00
76.00	76.50	76.22	76.10	64.00
70.00	79.60	77.50	77.10	234.00
78.00	92.50	90.04	92.50	433.00
96.50	102.70	98.54	97.30	281.00
90.00	101.00	95.95	95.10	272.00
91.20	96.00	93.44	94.80	164.00
87.50	95.80	95.12	95.10	170.00
95.00	97.50	96.97	96.90	206.00
93.10	95.90	94.46	94.50	68.00
93.50	95.70	94.28	93.70	217.00
91.60	94.00	92.57	92.80	77.00
92.10	95.00	93.92	94.00	38.00
93.10	94.50	93.89	94.20	36.00
92.20	96.90	94.97	96.10	105.00
89.90	94.00	93.55	93.70	29.00
91.70	94.00	93.49	93.70	35.00
94.00	95.20	94.67	94.60	25.00
93.20	95.10	94.13	94.60	36.00
92.50	94.90	93.13	92.70	29.00
85.30	92.50	91.83	91.90	49.00
91.70	93.00	92.33	92.40	45.00
84.10	94.00	93.13	93.20	70.00
93.30	95.10	94.55	94.80	64.00
92.50	95.00	93.89	94.10	35.00
89.00	94.20	93.56	93.60	49.00
93.10	94.00	93.25	93.20	36.00
92.60	93.60	93.07	92.90	59.00
92.00	97.10	94.81	95.10	97.00
99.00	105.00	102.95	102.40	357.00
103.10	112.00	107.14	107.60	497.00
108.00	118.00	110.07	108.50	334.00
109.60	112.00	110.84	110.10	95.00
112.10	120.00	113.39	113.30	61.00
115.00	119.90	115.74	115.80	72.00
110.00	115.20	113.41	114.60	384.00
117.50	127.00	121.15	119.50	213.00
116.00	120.00	118.44	119.20	124.00
115.20	129.00	116.56	116.00	95.00
106.00	112.00	110.05	110.20	105.00
110.00	119.00	115.41	117.80	74.00
120.00	129.00	123.22	124.90	432.00
115.10	120.00	116.97	116.40	117.00
105.00	116.50	112.44	112.90	519.00
112.00	120.20	118.16	119.90	407.00
122.00	129.00	124.40	124.50	527.00
123.00	124.90	123.85	123.20	341.00
110.00	114.20	111.09	111.00	98.00
119.00	130.00	121.42	122.20	303.00
111.10	125.00	112.22	111.70	102.00
114.00	119.00	114.96	114.20	58.00
105.00	113.90	112.44	113.00	37.00
113.60	117.00	115.26	115.40	72.00
108.00	115.00	112.64	112.00	57.00
113.60	115.00	113.99	113.60	126.00
117.00	118.00	117.34	117.10	96.00
116.10	118.00	116.83	117.10	94.00
112.40	117.00	112.96	112.90	264.00
113.00	117.00	115.28	115.40	106.00
116.00	121.00	118.58	119.70	453.00
114.00	120.00	115.44	114.90	63.00
111.00	115.00	114.10	114.30	194.00
116.00	120.00	119.17	119.60	286.00
117.40	119.50	118.80	119.00	122.00
112.50	118.90	115.19	113.40	76.00
114.20	118.80	116.57	115.50	82.00
108.00	115.00	113.22	112.60	159.00
110.00	116.00	114.85	114.80	99.00
112.60	115.00	113.25	113.00	182.00
114.10	117.00	115.30	115.50	140.00
140.00	165.00	161.22	159.60	1,408.00
117.00	123.40	119.86	120.00	314.00
150.00	158.40	156.11	154.70	624.00
134.00	155.00	144.38	148.90	1,257.00
154.70	165.00	159.80	158.40	733.00
119.10	121.90	120.44	119.80	296.00
113.00	140.00	135.81	136.80	795.00
145.20	160.00	154.23	153.10	669.00
117.10	120.10	119.73	119.90	340.00
136.60	161.00	152.91	151.70	479.00
125.00	139.00	134.94	133.00	1,039.00
130.00	138.90	136.62	136.00	728.00
146.00	155.00	148.52	146.90	356.00
119.00	125.80	122.35	125.60	1,103.00
137.00	158.00	148.99	155.00	861.00
146.00	152.30	150.02	151.40	651.00
118.00	122.00	119.77	119.30	224.00
138.00	157.00	153.92	154.00	476.00
116.10	120.00	118.01	117.60	59.00
116.00	117.00	116.73	116.80	125.00
150.00	154.30	152.25	152.80	298.00
151.50	153.10	152.10	151.60	308.00
149.00	155.00	152.56	152.30	314.00
145.00	153.40	152.25	151.90	368.00
135.00	149.60	148.73	148.60	198.00
140.00	151.70	149.87	149.70	532.00
155.00	159.80	158.00	155.30	582.00
143.00	154.00	152.48	152.20	325.00
149.50	153.00	151.06	150.70	194.00
140.00	156.80	154.53	153.30	521.00
144.50	152.00	148.95	150.70	493.00
149.00	153.00	150.55	150.80	330.00
147.10	150.80	149.10	149.00	237.00
150.10	157.70	154.86	151.40	590.00
153.50	158.90	156.56	157.80	1,224.00
150.40	153.20	151.92	152.00	374.00
144.00	150.10	146.11	144.80	290.00
133.00	144.10	140.98	140.00	242.00
135.00	149.10	141.32	141.20	221.00
136.00	140.90	138.58	137.20	172.00
137.00	141.10	138.68	137.20	93.00
136.20	141.00	139.25	138.80	172.00
140.50	143.70	142.62	143.20	246.00
140.00	146.00	141.65	140.40	265.00
139.40	142.00	140.08	139.90	150.00
139.00	141.90	139.93	140.00	142.00
138.80	140.00	139.19	139.00	179.00
138.10	139.90	138.85	138.40	137.00
135.50	138.40	136.82	136.30	229.00
131.00	136.00	133.35	133.30	224.00
132.20	135.00	133.33	133.10	101.00
128.60	132.10	130.00	129.00	238.00
129.50	133.90	130.94	130.00	128.00
128.60	132.50	129.53	128.70	104.00
117.00	128.00	126.51	126.80	161.00
125.20	127.00	125.48	125.40	187.00
120.70	125.10	122.47	122.70	195.00
128.00	134.00	130.37	132.60	291.00
125.00	138.00	133.21	130.40	327.00
128.00	137.00	134.84	133.30	479.00
130.90	136.00	133.08	131.30	284.00
130.10	134.00	131.34	131.70	230.00
131.00	136.00	133.24	133.60	339.00
131.00	134.00	132.90	132.10	230.00
125.00	133.00	130.82	130.30	211.00
119.10	131.00	130.22	130.00	143.00
119.00	130.50	129.32	128.90	171.00
125.10	129.20	128.55	128.80	175.00
120.20	129.00	127.43	126.40	184.00
124.40	128.00	125.43	125.30	192.00
123.00	124.80	123.51	123.90	208.00
124.00	127.00	125.36	125.00	172.00
124.00	127.00	125.09	124.30	131.00
120.20	123.90	121.91	121.60	160.00
122.20	124.00	122.84	122.40	81.00
120.60	136.00	131.51	132.90	592.00
125.00	145.00	133.62	132.20	406.00
139.70	150.00	142.37	140.20	1,219.00
130.00	133.00	131.92	131.20	462.00
129.40	135.00	131.83	132.00	803.00
128.80	135.00	133.25	134.70	797.00
138.40	150.00	140.60	139.90	912.00
141.50	150.40	147.31	147.50	1,646.00
127.80	129.80	128.36	127.90	217.00
130.00	133.80	132.51	131.60	415.00
125.00	139.00	137.02	137.10	587.00
146.00	155.00	149.93	148.80	790.00
131.00	142.00	136.92	136.70	647.00
120.00	132.90	131.11	130.40	325.00
140.00	147.00	143.61	141.40	1,621.00
135.90	145.00	141.03	138.70	1,216.00
130.10	132.00	131.10	130.40	334.00
126.10	133.70	132.28	131.30	483.00
128.50	132.00	130.15	129.90	282.00
128.30	133.90	130.81	129.20	221.00
135.00	160.00	152.32	152.80	1,581.00
130.00	134.00	133.01	132.10	652.00
139.70	150.00	142.37	140.20	1,219.00
130.00	133.00	131.92	131.20	462.00
129.40	135.00	131.83	132.00	803.00
128.80	135.00	133.25	134.70	797.00
138.40	150.00	140.60	139.90	912.00
141.50	150.40	147.31	147.50	1,646.00
127.80	129.80	128.36	127.90	217.00
130.00	133.80	132.51	131.60	415.00
125.00	139.00	137.02	137.10	587.00
146.00	155.00	149.93	148.80	790.00
131.00	142.00	136.92	136.70	647.00
120.00	132.90	131.11	130.40	325.00
140.00	147.00	143.61	141.40	1,621.00
135.90	145.00	141.03	138.70	1,216.00
130.10	132.00	131.10	130.40	334.00
126.10	133.70	132.28	131.30	483.00
128.50	132.00	130.15	129.90	282.00
128.30	133.90	130.81	129.20	221.00
135.00	160.00	152.32	152.80	1,581.00
130.00	134.00	133.01	132.10	652.00
140.00	144.00	142.74	142.70	437.00
142.00	145.90	143.25	142.20	633.00
141.00	143.00	141.77	141.30	456.00
140.80	144.00	141.96	141.70	452.00
139.00	142.30	140.77	140.80	436.00
140.20	143.80	141.53	141.00	421.00
142.90	146.00	144.22	143.60	718.00
143.00	146.00	144.23	144.20	522.00
140.00	149.00	146.55	147.70	866.00
140.00	149.50	147.56	146.70	736.00
146.00	149.00	146.80	147.00	568.00
145.00	160.00	150.81	148.40	2,355.00
115.00	166.00	143.93	141.50	1,030.00
135.50	147.50	144.63	146.00	924.00
146.20	160.00	148.75	147.80	905.00
148.00	162.00	152.03	151.60	1,340.00
151.00	175.90	163.08	170.20	3,179.00
160.00	186.00	168.67	164.90	1,568.00
157.00	187.00	172.09	169.50	1,690.00
155.00	186.00	167.78	164.00	1,548.00
160.10	167.90	162.61	161.90	1,124.00
145.80	177.00	158.56	157.10	1,255.00
142.10	170.00	156.86	157.40	643.00
157.30	173.10	159.64	160.50	760.00
150.00	176.50	163.55	162.00	1,112.00
154.00	161.90	157.10	155.00	1,153.00
154.00	160.00	157.36	156.60	1,063.00
150.00	169.00	154.62	152.80	775.00
149.00	159.00	151.37	150.00	1,181.00
146.00	165.00	149.63	148.00	771.00
148.20	155.00	152.29	154.30	1,130.00
154.00	167.80	160.91	164.60	2,935.00
150.00	169.50	163.41	160.50	2,266.00
158.00	163.70	160.98	159.20	2,013.00
162.40	170.00	166.92	167.10	2,526.00
163.00	171.90	167.42	164.80	2,670.00
150.00	180.00	165.12	162.90	2,325.00
148.00	167.30	162.77	162.10	2,712.00
155.00	165.00	163.12	161.50	2,294.00
160.00	168.50	165.41	168.10	2,045.00
162.00	173.00	169.48	167.90	2,344.00
163.80	170.00	166.09	165.20	1,891.00
163.20	167.80	164.84	163.70	1,627.00
164.00	171.00	167.83	169.50	2,610.00
172.00	183.90	179.84	181.80	4,262.00
168.00	180.00	174.49	174.80	2,837.00
160.00	179.00	170.33	168.10	2,118.00
160.00	169.80	163.31	161.20	1,310.00
158.10	167.00	161.25	160.70	1,107.00
154.00	161.00	157.24	154.60	1,045.00
150.00	160.00	154.02	157.80	952.00
154.00	159.00	156.17	156.10	583.00
145.00	158.80	155.55	156.70	602.00
145.00	158.00	154.66	153.60	568.00
142.00	171.00	151.36	150.30	804.00
147.60	153.90	149.20	148.60	765.00
140.00	160.00	152.12	152.90	568.00
150.00	171.00	151.46	150.40	610.00
135.50	171.00	149.86	149.50	532.00
144.60	171.00	146.68	145.40	731.00
141.00	146.90	143.37	141.90	767.00
140.30	144.50	143.34	144.00	411.00
143.30	148.40	146.40	147.30	772.00
149.80	154.90	152.94	151.70	1,050.00
151.00	154.50	151.58	151.50	604.00
150.70	161.00	156.54	159.90	1,706.00
160.00	166.90	163.10	163.00	852.00
161.50	166.90	164.06	164.00	1,399.00
160.00	167.20	165.58	166.50	1,499.00
164.50	175.00	171.72	174.60	3,248.00
158.00	190.00	177.78	176.80	3,098.00
158.00	185.00	174.49	173.70	1,756.00
160.00	177.00	173.62	171.00	1,659.00
158.00	172.70	167.56	166.40	1,255.00
158.00	199.20	186.78	196.70	6,533.00
198.90	218.00	210.49	210.00	4,385.00
190.00	221.00	214.23	211.20	2,262.00
207.00	235.00	222.11	231.10	4,005.00
231.00	247.50	240.14	244.50	3,335.00
230.00	250.00	236.73	233.40	2,959.00
226.10	243.00	236.46	237.50	2,582.00
225.00	242.70	234.10	232.40	1,520.00
210.00	238.00	234.29	233.60	1,603.00
215.00	240.00	223.29	217.40	2,190.00
205.00	222.00	212.91	211.40	1,706.00
200.10	232.00	219.33	218.10	1,605.00
210.00	226.40	222.86	219.00	1,469.00
205.00	222.00	214.24	213.60	1,778.00
200.20	215.00	206.47	201.80	1,711.00
192.00	208.00	199.89	206.10	1,978.00
208.00	217.90	212.39	210.80	1,681.00
200.00	218.10	213.70	209.40	1,668.00
207.00	214.00	209.63	210.40	1,809.00
202.00	214.90	207.77	206.00	1,056.00
199.90	208.00	203.00	200.80	1,503.00
200.00	209.70	206.04	204.30	1,258.00
204.50	212.40	208.68	209.70	1,400.00
208.50	214.00	210.40	208.80	781.00
209.20	219.50	216.14	217.00	2,733.00
214.10	222.00	217.56	215.30	1,502.00
213.60	217.00	214.88	214.20	1,060.00
210.00	216.50	214.55	214.20	1,059.00
214.30	220.90	217.84	219.90	2,112.00
215.00	222.00	219.88	218.50	1,212.00
214.00	218.00	215.46	214.50	1,423.00
212.20	225.00	213.74	213.00	1,050.00
210.30	215.00	212.42	213.60	1,261.00
205.00	216.00	214.58	214.20	1,089.00
210.00	219.70	217.62	216.80	1,571.00
215.00	222.00	220.42	219.50	2,308.00
219.40	227.80	223.27	221.00	1,717.00
200.00	224.00	220.08	218.30	1,090.00
215.70	219.00	216.65	217.10	999.00
215.00	220.00	217.82	217.20	1,091.00
214.60	218.60	215.79	215.40	1,188.00
214.50	220.00	216.10	214.80	1,092.00
212.10	217.70	214.75	213.40	1,175.00
212.00	216.00	213.24	213.40	1,218.00
214.20	220.00	216.96	217.30	1,054.00
217.00	224.90	221.74	222.30	1,943.00
222.40	240.00	231.68	236.00	3,848.00
228.50	239.50	231.15	232.70	1,382.00
221.10	235.00	226.61	222.90	1,948.00
210.00	225.80	222.15	220.50	1,310.00
222.10	228.00	224.19	224.30	1,156.00
214.20	224.50	217.77	215.10	1,336.00
217.00	223.90	218.48	217.90	964.00
200.00	223.40	220.66	219.40	868.00
216.10	222.10	217.45	216.60	926.00
214.10	230.00	215.89	214.60	1,329.00
213.00	219.00	215.35	213.20	1,102.00
212.10	220.00	214.37	214.00	759.00
210.00	225.00	213.06	211.40	665.00
208.00	212.50	210.35	211.50	536.00
209.00	220.00	211.55	209.80	707.00
205.70	216.00	207.51	206.30	759.00
199.00	206.10	201.97	199.40	799.00
200.00	207.50	203.21	202.70	834.00
198.70	206.50	201.68	200.60	652.00
199.20	204.80	201.46	200.40	665.00
195.00	204.00	197.46	195.10	562.00
185.00	199.00	193.92	192.50	565.00
192.30	197.00	194.84	193.70	479.00
188.10	196.90	191.45	189.50	550.00
171.00	191.00	189.26	188.70	466.00
175.00	191.80	181.46	179.30	463.00
171.00	179.80	175.82	178.80	458.00
176.20	184.90	181.96	182.70	483.00
186.00	194.00	189.79	190.90	695.00
187.00	196.60	191.78	188.20	606.00
184.40	190.00	186.90	186.40	254.00
170.00	187.80	184.68	184.50	335.00
185.30	190.40	187.04	186.50	373.00
183.90	188.00	185.10	185.60	378.00
176.50	192.00	180.14	182.40	418.00
182.00	188.00	184.08	184.00	309.00
182.10	186.90	184.91	183.60	309.00
180.20	195.00	181.96	181.50	411.00
165.10	181.00	179.54	178.20	388.00
171.30	176.20	173.96	172.40	491.00
166.30	178.00	170.96	171.90	361.00
171.10	178.00	175.43	174.40	330.00
173.50	190.00	174.76	174.60	255.00
173.00	190.00	179.74	183.90	470.00
181.50	186.50	184.61	184.50	447.00
180.10	185.20	183.74	183.00	187.00
179.10	190.00	180.05	179.90	248.00
178.10	181.90	180.34	180.30	170.00
181.20	183.90	182.61	182.60	247.00
184.70	192.00	189.26	191.40	618.00
185.30	190.10	186.97	187.10	549.00
186.00	190.00	188.17	187.40	246.00
187.10	191.00	188.99	189.60	359.00
191.00	198.50	195.20	197.00	606.00
195.30	205.00	201.66	201.60	862.00
190.00	210.00	206.01	207.30	860.00
208.10	215.00	213.01	213.90	967.00
200.00	219.20	215.85	213.60	1,112.00
206.20	214.50	210.39	207.10	666.00
207.00	214.00	208.66	207.20	524.00
201.60	207.00	203.24	202.30	429.00
190.00	220.00	200.63	199.70	441.00
198.10	205.00	200.90	199.60	557.00
180.50	202.40	200.25	200.30	461.00
198.00	201.00	199.29	199.50	387.00
194.10	199.80	196.52	195.00	305.00
189.00	200.00	192.82	190.30	468.00
190.00	199.80	195.88	198.50	401.00
197.10	203.80	201.72	200.40	636.00
195.10	202.50	199.73	199.20	378.00
200.50	208.00	204.83	206.50	1,178.00
209.00	216.30	214.00	215.00	2,853.00
206.20	219.50	214.94	213.20	1,331.00
209.20	215.50	212.16	209.70	1,032.00
210.50	213.00	212.05	212.20	768.00
210.00	217.40	215.18	216.80	1,189.00
215.50	221.00	218.45	216.20	1,760.00
212.10	217.70	214.29	213.00	946.00
212.00	216.70	214.97	212.90	742.00
208.50	214.80	210.62	208.80	958.00
203.00	212.50	206.13	204.00	870.00
197.00	206.00	201.82	200.30	812.00
197.00	204.40	200.57	199.50	722.00
192.10	204.70	197.53	194.50	810.00
197.50	205.60	202.41	203.00	790.00
207.00	215.00	211.57	213.50	1,633.00
210.10	214.80	213.09	212.90	1,030.00
212.00	218.00	216.38	216.10	1,454.00
217.00	220.00	218.34	217.30	1,744.00
215.60	219.30	217.65	216.30	1,439.00
217.70	235.10	227.07	232.40	4,295.00
220.00	238.00	228.78	225.10	2,175.00
203.50	228.00	223.33	223.90	1,931.00
203.50	228.00	223.13	223.30	1,987.00
218.40	225.00	220.94	220.40	1,365.00
223.60	226.80	225.46	225.40	1,166.00
223.50	228.00	225.62	224.00	1,284.00
220.00	226.40	224.76	224.60	1,220.00
226.00	232.00	230.15	231.60	2,541.00
220.20	237.00	233.14	232.10	2,385.00
226.10	234.90	229.57	227.60	1,716.00
226.00	231.40	228.39	227.10	1,599.00
227.50	234.90	230.20	230.10	1,849.00
230.00	234.50	233.20	233.70	2,066.00
233.90	240.00	237.23	236.50	2,137.00
230.00	238.00	233.60	231.40	1,442.00
220.10	233.00	228.02	227.10	1,292.00
215.00	230.90	227.14	225.20	1,130.00
222.10	228.20	224.43	223.40	1,362.00
208.00	226.00	222.46	219.90	1,200.00
216.80	222.50	219.00	217.50	916.00
212.50	230.00	219.01	217.30	897.00
214.80	221.00	217.09	215.40	815.00
210.00	225.00	213.80	211.00	822.00
208.00	216.00	212.87	214.40	598.00
212.60	217.00	214.55	213.20	550.00
211.80	216.00	213.25	213.80	804.00
215.00	219.50	216.87	216.30	814.00
217.00	230.00	223.67	226.60	1,843.00
223.50	231.00	227.26	225.30	1,617.00
222.00	229.00	224.79	223.80	904.00
215.00	224.00	219.52	217.80	880.00
216.80	222.50	218.60	217.20	819.00
215.20	220.90	217.64	218.80	774.00
217.10	221.00	219.34	217.80	762.00
217.00	225.00	221.62	222.20	1,330.00
215.10	228.40	226.48	227.10	1,770.00
220.00	477.00	267.80	266.50	4,979.00
245.10	270.00	260.11	259.40	2,580.00
254.00	259.00	256.40	255.10	2,043.00
250.00	264.90	260.12	260.00	1,719.00
256.20	283.90	258.46	257.20	974.00
256.00	265.00	257.99	257.00	1,177.00
250.10	282.00	258.16	256.20	1,229.00
249.60	280.00	252.97	251.50	1,503.00
241.00	275.00	249.70	248.10	947.00
243.20	270.00	248.01	250.00	1,936.00
197.20	216.00	198.81	197.70	768.00
190.00	205.00	199.99	199.90	745.00
196.10	205.00	200.13	197.50	1,465.00
195.00	210.00	195.88	195.20	875.00
210.00	230.00	213.00	211.20	759.00
200.00	225.00	206.62	205.50	749.00
210.10	260.00	213.14	210.80	1,924.00
203.10	213.70	206.26	204.60	1,160.00
193.00	198.80	196.37	195.50	440.00
200.10	207.00	203.74	201.60	797.00
195.00	204.90	199.79	198.80	827.00
197.10	201.90	199.64	198.30	1,123.00
203.00	209.30	205.20	204.10	847.00
207.20	211.60	209.55	208.60	887.00
240.00	275.00	247.30	243.50	2,101.00
205.60	207.50	206.30	206.00	632.00
206.10	211.10	208.40	207.00	553.00
195.20	207.00	200.38	203.50	936.00
195.00	215.00	198.18	196.20	1,139.00
190.00	199.90	196.87	196.10	1,084.00
195.00	197.70	195.97	195.90	671.00
185.00	210.00	200.51	200.80	1,257.00
199.20	203.00	200.53	199.60	498.00
198.00	202.00	199.77	198.80	751.00
198.50	202.00	199.95	200.00	967.00
181.00	205.50	203.38	204.00	1,372.00
204.10	210.00	207.91	209.20	1,745.00
205.00	214.80	208.88	205.80	1,139.00
203.00	215.00	204.73	203.80	755.00
203.10	217.00	212.21	215.40	2,310.00
200.00	217.00	213.77	214.40	1,122.00
209.00	214.80	211.26	209.40	850.00
206.80	211.00	208.40	207.00	831.00
206.20	211.00	209.02	209.00	1,085.00
208.80	214.00	211.60	211.70	877.00
210.00	213.80	212.34	212.20	976.00
211.00	216.30	214.50	214.00	1,014.00
213.00	216.70	215.04	214.20	784.00
212.10	216.90	213.93	213.30	560.00
210.00	217.00	215.66	216.00	884.00
217.00	225.00	223.03	223.90	1,265.00
220.10	226.90	223.34	223.40	1,064.00
224.00	231.00	228.04	229.40	1,605.00
230.00	243.80	235.32	233.60	1,684.00
232.00	250.00	237.47	237.30	1,475.00
230.00	240.00	237.88	237.90	1,171.00
231.60	240.00	235.49	233.90	1,039.00
230.00	250.00	236.90	238.70	1,055.00
240.00	258.90	248.52	255.20	2,433.00
248.20	260.00	252.86	248.80	1,512.00
240.00	260.00	245.39	246.20	967.00
224.00	262.00	253.62	255.90	3,631.00
250.00	263.40	260.44	259.10	1,710.00
251.00	260.00	253.13	252.20	1,176.00
248.50	260.00	252.11	250.30	838.00
240.00	252.00	249.15	248.60	956.00
247.10	256.00	253.52	255.00	1,054.00
254.00	280.00	256.50	257.20	970.00
258.00	263.50	261.61	261.30	1,581.00
235.50	280.00	258.31	260.60	1,120.00
255.00	265.70	263.83	264.10	1,036.00
250.00	268.00	263.09	262.20	570.00
259.50	272.00	262.56	266.80	1,168.00
267.00	277.90	272.49	272.10	1,489.00
265.00	273.00	267.63	265.70	910.00
264.00	280.00	265.80	264.60	880.00
259.50	268.00	263.29	261.10	812.00
252.00	263.50	261.89	261.90	617.00
260.20	264.40	262.21	263.50	561.00
260.00	268.50	266.68	267.20	651.00
250.00	268.50	265.83	264.60	447.00
264.00	267.00	265.37	264.50	560.00
265.40	267.90	266.44	266.60	795.00
266.00	273.00	269.55	271.40	1,134.00
270.00	286.00	281.41	282.50	2,389.00
282.00	300.00	291.56	289.60	2,112.00
284.00	304.50	293.40	302.20	2,150.00
285.00	305.90	295.07	291.40	1,932.00
285.00	310.00	292.51	290.10	1,248.00
280.00	292.50	287.18	286.20	1,148.00
279.00	290.00	285.60	282.50	858.00
260.20	299.00	279.26	276.60	1,115.00
276.50	283.30	280.72	281.90	1,158.00
275.00	283.30	279.23	276.30	513.00
275.00	279.80	277.42	277.70	427.00
279.20	284.10	281.70	281.60	653.00
275.00	284.60	280.94	280.80	783.00
277.30	282.80	279.30	278.00	452.00
270.00	278.20	276.33	275.30	521.00
270.10	278.40	276.96	276.60	421.00
276.10	283.00	280.15	282.00	767.00
280.00	299.00	286.80	286.40	1,129.00
282.00	288.90	285.27	283.00	644.00
281.50	286.70	283.82	284.10	738.00
280.00	299.00	284.22	284.20	433.00
284.50	290.00	288.04	289.00	697.00
285.50	310.00	288.75	286.40	740.00
286.00	292.50	289.79	291.00	671.00
293.00	298.00	295.35	293.60	1,157.00
280.00	294.00	290.75	290.60	750.00
292.60	312.80	303.55	309.50	3,302.00
305.00	330.00	320.69	322.10	2,259.00
300.00	325.70	318.24	316.30	1,582.00
315.00	338.00	328.49	336.90	2,358.00
320.00	340.00	327.04	322.00	2,038.00
324.80	333.70	329.30	329.40	1,521.00
319.00	336.90	325.85	320.20	1,966.00
315.00	324.50	319.16	318.90	1,121.00
321.50	329.00	326.37	327.70	1,210.00
327.40	340.00	332.99	330.20	2,132.00
300.00	335.00	327.26	323.70	1,314.00
317.00	331.90	319.84	318.20	1,222.00
310.00	324.00	318.85	316.60	1,004.00
285.10	325.00	318.93	320.10	903.00
323.00	335.00	330.03	328.10	1,922.00
296.10	336.00	325.77	324.20	862.00
321.10	328.00	323.56	322.10	995.00
304.00	325.00	322.80	322.80	779.00
300.00	324.60	321.82	321.50	503.00
318.50	322.50	320.29	319.50	667.00
310.00	330.00	325.93	328.00	1,240.00
331.10	348.00	339.62	345.80	4,077.00
311.80	353.00	347.60	344.70	2,233.00
330.00	370.00	359.45	362.40	3,011.00
350.00	370.00	359.59	354.20	2,647.00
340.00	355.00	350.13	350.20	1,904.00
340.00	359.00	351.02	348.80	1,550.00
342.00	350.00	344.63	342.80	1,141.00
330.00	345.40	342.05	340.80	1,074.00
330.00	340.10	335.34	333.50	1,562.00
320.00	331.10	323.94	323.40	1,039.00
318.00	335.00	328.76	333.30	1,078.00
332.30	345.00	341.00	341.20	882.00
327.80	344.00	338.83	336.60	770.00
330.00	336.10	333.12	332.70	531.00
329.90	336.00	332.29	333.90	634.00
328.70	338.90	331.50	330.50	990.00
330.40	345.80	341.44	344.60	1,245.00
341.00	348.00	345.56	344.60	856.00
342.20	352.50	347.00	349.30	1,277.00
345.10	354.70	349.15	348.70	939.00
349.50	357.70	353.12	354.40	1,111.00
352.00	365.50	361.30	364.60	2,009.00
360.10	369.90	366.21	362.80	1,405.00
327.00	369.50	365.67	366.20	1,350.00
368.90	387.20	380.91	378.20	3,514.00
371.00	384.40	377.99	380.60	1,930.00
380.00	394.50	390.13	392.00	1,928.00
387.00	399.90	393.10	391.10	1,910.00
390.00	404.00	397.84	392.80	1,778.00
385.00	395.00	390.73	390.60	1,178.00
385.10	394.00	387.79	386.60	1,073.00
386.60	397.00	391.66	391.80	1,338.00
391.20	400.90	396.99	392.60	2,328.00
365.00	400.00	397.87	399.40	1,737.00
365.00	404.50	400.91	399.00	1,368.00
360.00	401.60	396.34	398.10	1,647.00
393.00	399.70	394.72	393.90	911.00
360.00	398.00	395.38	395.00	856.00
390.00	418.00	397.70	396.10	1,081.00
395.00	410.00	405.61	409.40	2,213.00
407.60	436.00	423.78	432.10	2,645.00
400.00	433.90	426.68	424.60	1,727.00
420.10	433.00	424.23	430.40	1,602.00
433.50	449.00	443.18	440.50	1,903.00
420.00	450.00	443.80	448.30	1,818.00
444.00	461.00	454.11	459.20	2,075.00
445.00	458.70	451.14	450.80	1,486.00
410.00	460.90	453.90	457.00	1,503.00
438.00	464.90	452.34	446.50	2,647.00
450.00	459.80	453.91	455.50	1,771.00
450.60	459.00	453.96	452.20	1,039.00
446.10	470.00	449.50	449.10	901.00
446.40	453.00	448.70	447.40	833.00
450.00	458.00	455.02	456.90	1,230.00
455.00	469.90	465.84	466.70	2,241.00
425.00	470.00	467.22	467.80	1,246.00
462.10	473.00	471.35	471.80	1,595.00
467.50	479.00	474.01	474.90	1,641.00
477.20	490.00	485.03	487.20	1,602.00
486.00	495.70	491.77	494.80	1,631.00
485.20	497.00	488.84	486.40	1,898.00
484.20	492.00	488.16	487.60	1,438.00
485.00	519.00	508.01	514.40	2,301.00
500.00	523.00	511.65	503.00	2,281.00
490.00	517.50	510.74	515.40	1,974.00
520.00	540.00	533.38	537.00	1,973.00
531.00	540.00	534.62	533.70	1,467.00
535.00	565.00	553.10	562.50	2,799.00
550.00	577.00	571.19	566.30	1,957.00
557.20	575.90	568.16	568.30	1,907.00
562.50	573.90	568.73	570.00	1,723.00
565.00	599.00	570.19	569.70	1,865.00
559.00	573.00	566.32	561.20	1,693.00
538.30	567.00	552.50	545.40	1,996.00
500.00	557.00	537.78	553.10	2,972.00
540.00	565.00	547.82	542.60	1,509.00
520.00	548.00	537.77	533.50	1,471.00
530.00	547.00	536.05	536.70	1,415.00
531.00	542.90	535.55	533.50	846.00
520.00	535.00	525.27	521.40	1,530.00
516.00	527.50	520.23	520.60	868.00
522.20	539.00	532.40	531.60	910.00
530.00	580.20	536.86	534.70	1,011.00
530.00	539.00	534.07	532.50	914.00
526.00	536.00	530.36	527.70	1,048.00
521.00	532.00	524.33	521.60	828.00
515.50	525.00	519.38	517.10	657.00
518.00	529.80	525.53	527.00	766.00
514.00	534.90	521.22	515.50	1,645.00
510.30	524.90	516.04	513.40	1,469.00
490.00	532.00	518.87	524.40	1,969.00
528.00	550.00	544.20	546.90	2,818.00
538.50	557.00	544.83	539.90	1,649.00
532.00	546.00	534.10	533.50	1,508.00
531.00	540.00	533.67	533.50	1,714.00
530.10	546.50	537.42	533.80	2,209.00
515.00	544.00	541.60	542.90	2,333.00
501.50	545.00	542.19	540.70	2,979.00
491.20	515.00	503.50	493.80	1,679.00
491.20	504.00	494.08	491.80	1,017.00
485.80	496.00	490.43	487.70	556.00
485.80	493.00	487.65	488.30	581.00
483.50	494.00	487.84	485.30	723.00
470.00	485.90	480.40	477.30	760.00
459.00	478.80	467.51	461.10	713.00
457.40	474.00	466.45	470.70	720.00
474.00	484.00	480.00	481.10	863.00
466.20	490.00	472.79	468.20	791.00
450.00	473.00	465.94	463.10	747.00
441.00	474.40	468.24	469.60	893.00
464.60	472.40	467.69	466.90	880.00
464.10	475.00	469.05	465.60	768.00
463.50	468.00	465.01	465.60	739.00
465.00	470.00	467.00	465.40	731.00
460.00	477.00	472.35	473.10	1,231.00
475.10	484.00	479.53	477.10	1,081.00
470.00	481.00	474.97	474.30	944.00
464.10	474.00	468.90	466.40	1,283.00
465.00	471.00	467.78	467.00	538.00
467.00	477.00	472.87	473.30	994.00
466.00	475.00	469.65	467.40	760.00
462.00	468.80	463.50	462.90	1,139.00
460.50	470.00	464.69	467.20	574.00
470.00	490.00	483.29	484.70	2,069.00
488.00	499.90	494.96	493.20	1,762.00
487.10	497.00	491.26	488.10	701.00
481.20	499.00	489.20	495.00	1,135.00
477.00	497.00	485.78	484.80	1,103.00
487.10	508.00	500.72	506.10	1,943.00
490.00	514.00	502.87	494.60	1,630.00
490.20	502.90	495.87	493.30	723.00
496.00	515.90	506.05	512.00	2,248.00
515.00	535.60	528.20	519.80	2,937.00
519.10	549.80	539.13	542.30	3,949.00
500.00	550.00	539.99	546.70	2,992.00
550.00	570.00	563.17	560.90	3,030.00
541.00	564.00	548.28	542.90	1,922.00
530.00	551.00	539.18	532.30	1,843.00
522.00	541.00	530.60	525.50	1,228.00
518.00	532.00	524.31	524.10	1,191.00
520.30	533.00	524.43	521.90	1,319.00
515.00	524.40	517.70	515.70	1,430.00
516.00	528.00	521.73	522.60	1,300.00
518.30	533.90	524.25	520.10	1,024.00
518.50	525.00	521.33	519.80	1,090.00
522.00	530.00	526.05	524.30	1,183.00
509.00	526.90	518.85	516.70	1,126.00
517.00	524.90	521.11	520.10	748.00
500.00	525.90	520.51	517.80	1,100.00
511.00	523.90	514.60	513.70	1,674.00
516.10	522.90	520.34	520.00	880.00
516.70	526.00	522.01	521.40	972.00
522.20	538.00	529.39	534.30	2,032.00
530.00	551.00	540.15	532.00	2,307.00
528.00	540.40	536.86	538.20	1,719.00
524.10	542.70	535.08	527.10	1,464.00
519.00	529.00	521.23	519.50	847.00
519.20	527.00	523.02	523.10	929.00
520.30	532.80	524.13	521.90	728.00
520.00	526.90	522.71	524.70	633.00
521.70	526.00	522.82	522.20	644.00
520.30	525.00	521.50	521.50	587.00
501.00	550.00	529.35	527.60	1,170.00
522.00	531.00	528.18	526.00	775.00
522.00	530.00	527.08	527.70	643.00
525.50	568.90	550.50	563.50	4,049.00
555.00	570.00	564.60	563.50	2,962.00
560.00	602.00	584.32	597.80	4,394.00
585.10	625.00	609.60	620.20	4,832.00
602.00	634.00	620.16	630.40	4,423.00
630.00	640.00	635.21	632.80	2,416.00
625.10	638.00	630.34	631.20	3,402.00
599.90	636.00	627.60	620.90	3,548.00
608.20	622.00	614.96	615.00	1,546.00
614.00	637.00	623.22	624.00	2,585.00
626.00	650.00	641.08	641.60	4,070.00
620.00	675.00	664.68	669.00	3,398.00
600.00	673.90	664.02	659.60	2,179.00
645.00	670.00	658.76	655.90	2,779.00
641.00	656.50	648.22	647.60	1,979.00
646.00	670.00	664.63	662.90	1,733.00
670.00	690.00	678.80	671.90	3,212.00
665.00	679.00	671.55	667.40	1,736.00
652.10	668.00	657.43	656.50	1,667.00
653.10	665.00	657.17	654.80	1,291.00
654.50	665.00	659.04	656.60	1,682.00
657.00	670.00	663.34	661.90	1,413.00
655.00	669.90	659.20	657.20	1,258.00
649.50	664.40	652.51	651.60	1,586.00
640.00	661.00	652.90	654.80	1,628.00
655.00	705.00	685.76	677.40	4,235.00
675.00	693.90	684.05	685.30	1,886.00
681.20	705.00	696.50	691.40	2,545.00
681.00	700.00	690.88	684.60	1,630.00
681.20	697.00	687.41	684.70	1,905.00
688.00	720.00	708.29	715.80	3,596.00
715.10	734.00	721.55	720.40	2,449.00
715.00	732.00	724.83	724.90	1,808.00
716.00	730.00	721.86	718.80	1,797.00
709.00	719.00	713.48	711.10	1,299.00
679.00	708.00	692.74	683.00	1,822.00
620.00	699.00	687.06	681.10	792.00
660.00	697.00	685.67	691.60	642.00
670.00	708.00	692.55	684.20	936.00
610.00	692.00	681.54	679.10	659.00
678.60	695.00	682.24	684.30	704.00
688.10	700.00	693.00	691.40	895.00
675.00	688.60	680.64	686.40	1,073.00
677.00	685.00	681.16	681.10	1,027.00
670.10	684.00	677.44	678.80	381.00
670.00	691.90	681.82	687.10	775.00
681.30	697.00	690.06	682.90	796.00
665.00	685.00	679.41	680.50	681.00
670.00	689.00	683.71	681.60	740.00
678.00	706.00	694.28	703.50	1,632.00
706.90	723.00	716.63	711.40	2,059.00
693.00	711.00	705.22	696.60	1,121.00
683.00	706.90	692.91	687.90	945.00
685.00	705.00	690.48	688.90	969.00
689.10	714.00	704.21	712.60	2,091.00
697.00	724.00	714.83	700.50	1,876.00
696.00	710.20	702.74	699.10	958.00
695.10	709.90	703.22	697.40	1,470.00
697.00	714.00	706.36	707.70	1,578.00
708.60	728.50	719.92	719.80	2,905.00
715.00	765.00	748.58	755.30	4,069.00
755.00	812.00	784.14	803.90	4,904.00
790.20	820.00	805.97	796.10	3,114.00
755.20	795.00	775.17	765.20	2,498.00
760.00	799.90	775.23	774.90	1,463.00
774.00	791.00	782.70	778.40	1,583.00
772.20	789.00	775.85	774.80	1,184.00
765.20	784.00	773.56	768.90	948.00
745.00	769.00	750.09	753.40	1,942.00
746.00	770.00	755.28	752.00	897.00
748.00	768.00	757.29	752.60	764.00
745.20	755.00	748.86	746.80	889.00
745.00	753.00	748.68	747.50	1,114.00
746.60	768.00	752.09	760.50	1,119.00
750.00	774.00	765.26	759.60	1,074.00
740.00	760.50	754.81	752.10	919.00
746.50	765.00	752.53	758.40	876.00
743.10	764.00	751.54	751.50	723.00
720.00	752.90	748.42	746.30	698.00
745.00	774.00	761.80	768.10	1,206.00
755.00	773.50	766.14	763.60	623.00
751.50	770.00	761.39	754.60	397.00
751.40	766.00	756.96	753.00	477.00
747.50	758.00	751.26	748.60	584.00
745.00	756.90	750.95	748.30	469.00
748.00	759.00	751.58	750.50	577.00
750.00	788.90	774.66	784.80	1,982.00
763.00	794.00	776.29	767.60	614.00
761.30	783.90	775.85	777.10	702.00
750.00	790.00	775.36	774.50	705.00
755.00	781.60	765.77	760.50	895.00
752.60	782.80	768.95	772.30	1,122.00
760.00	783.00	777.15	770.20	1,043.00
762.20	784.00	768.33	763.80	597.00
751.80	772.00	756.68	753.30	493.00
750.00	759.50	754.86	754.10	321.00
751.50	760.00	753.81	753.20	264.00
752.80	763.90	755.34	756.10	557.00
742.10	755.50	750.27	748.90	606.00
740.00	754.00	748.54	749.80	451.00
742.00	767.00	751.55	745.40	453.00
700.00	750.00	743.43	741.30	444.00
717.00	744.00	734.30	728.00	646.00
719.00	753.40	732.78	736.50	809.00
700.00	748.00	731.25	724.50	181.00
705.00	732.00	715.18	709.50	918.00
710.00	730.00	718.47	711.90	788.00
698.50	720.00	707.87	703.90	601.00
675.00	725.00	698.73	702.30	469.00
630.00	720.00	693.69	693.30	1,064.00
691.00	722.00	704.17	718.40	599.00
702.30	729.00	711.89	707.90	295.00
695.00	726.90	705.19	697.70	644.00
692.00	705.00	696.20	694.80	170.00
680.00	700.00	686.85	685.70	522.00
650.00	719.60	695.09	697.40	1,482.00
698.00	720.00	712.42	715.50	694.00
708.00	729.00	715.53	716.50	461.00
702.10	718.00	708.67	706.10	313.00
695.20	708.90	701.84	698.00	329.00
650.00	704.00	691.39	687.70	374.00
672.10	687.00	680.70	682.60	243.00
652.00	700.00	677.84	662.20	370.00
625.00	693.00	647.47	636.70	507.00
551.00	638.00	582.19	567.80	210.00
620.00	652.90	644.34	652.90	203.00
656.10	695.00	669.76	669.00	712.00
660.10	680.00	670.40	675.70	583.00
642.00	670.00	655.84	661.20	507.00
620.00	680.00	673.45	674.90	710.00
672.00	683.50	676.86	675.10	496.00
670.00	687.90	674.05	677.50	338.00
650.00	666.00	651.31	650.70	46.00
686.20	699.50	697.26	699.00	1,359.00
703.30	735.00	718.45	729.40	1,290.00
701.30	736.00	707.83	703.50	584.00
670.00	707.70	698.24	697.40	587.00
695.10	711.00	702.34	699.30	463.00
682.10	699.90	690.10	692.10	379.00
683.10	701.00	691.35	693.40	344.00
665.00	690.00	675.94	675.90	411.00
635.00	685.00	651.51	644.20	403.00
599.20	668.80	650.00	650.10	405.00
641.00	693.90	659.47	689.10	313.00
650.00	690.50	670.64	656.40	269.00
632.00	665.00	649.15	642.90	137.00
594.70	642.00	615.10	601.70	290.00
556.60	585.00	561.52	556.80	343.00
530.00	598.50	582.59	597.20	570.00
626.00	641.90	637.14	641.90	156.00
620.00	659.80	643.55	624.80	292.00
605.00	638.00	620.98	622.00	373.00
610.50	625.00	617.60	616.60	175.00
586.10	660.00	592.38	588.70	207.00
545.00	588.00	563.45	549.90	214.00
569.00	591.10	587.66	591.10	156.00
550.00	619.80	589.08	576.20	202.00
566.10	607.90	592.02	603.70	204.00
605.00	631.00	615.20	614.80	314.00
634.90	684.00	652.11	650.30	838.00
650.20	679.00	669.51	671.10	638.00
650.00	685.00	673.11	676.60	685.00
671.20	709.00	697.16	706.20	1,553.00
685.00	735.00	710.14	706.30	1,058.00
685.00	719.00	706.57	701.30	1,669.00
690.00	711.00	697.77	697.20	1,264.00
645.00	662.00	650.48	645.70	622.00
636.10	669.00	645.41	645.00	743.00
642.30	660.00	647.87	645.50	305.00
640.10	662.50	655.69	652.40	483.00
626.00	646.00	635.09	637.60	307.00
626.50	644.00	632.86	629.30	256.00
620.20	643.00	637.04	637.40	320.00
635.50	647.00	639.55	636.60	326.00
633.00	644.00	639.68	640.40	357.00
649.00	668.80	661.42	667.70	986.00
652.00	680.00	665.19	658.50	429.00
650.10	670.00	664.81	668.40	374.00
646.10	669.00	656.26	650.10	188.00
645.10	664.90	650.27	652.50	173.00
645.00	659.90	654.98	650.90	401.00
635.20	658.90	644.58	644.90	386.00
622.00	647.00	634.11	623.20	239.00
618.00	639.00	628.24	631.10	117.00
627.50	641.00	633.25	629.60	184.00
629.00	637.00	629.08	629.00	293.00
621.10	633.00	625.70	625.10	144.00
619.00	629.50	622.86	619.80	131.00
610.00	619.00	613.66	613.80	114.00
602.00	614.00	607.03	611.20	125.00
595.30	615.10	600.65	596.40	185.00
591.00	602.00	596.02	597.00	194.00
560.00	605.00	591.01	589.30	138.00
570.00	620.00	587.63	605.80	270.00
586.00	614.90	599.87	589.70	159.00
590.00	597.00	594.60	595.00	105.00
580.00	597.20	593.21	593.00	239.00
588.00	600.00	593.46	596.70	94.00
600.00	606.80	600.32	600.00	382.00
586.00	600.00	589.46	587.60	316.00
585.00	602.00	595.47	600.40	256.00
605.00	608.00	605.24	605.10	246.00
591.00	606.00	599.94	604.90	222.00
599.00	617.00	608.41	614.60	114.00
600.10	635.00	619.66	618.00	185.00
618.00	622.00	620.30	618.70	123.00
614.00	625.00	618.35	619.30	209.00
619.00	627.30	623.39	623.20	103.00
601.50	606.50	602.87	603.10	62.00
597.00	604.80	601.93	601.90	128.00
603.50	610.00	608.23	606.90	49.00
601.00	614.00	605.10	609.50	129.00
602.20	615.00	611.39	612.00	64.00
613.10	630.00	621.11	617.90	103.00
618.00	623.30	620.88	620.30	96.00
622.00	629.40	627.36	628.10	91.00
620.00	630.00	626.91	628.30	139.00
622.40	633.90	629.92	630.70	105.00
626.50	634.90	631.31	632.30	108.00
630.20	636.00	634.56	633.80	91.00
622.00	636.90	634.25	633.90	214.00
628.00	635.00	631.57	629.50	182.00
627.00	633.90	630.56	632.10	127.00
614.00	625.00	620.25	616.70	137.00
615.70	622.90	618.53	619.90	245.00
606.50	616.00	613.24	609.20	279.00
590.00	613.00	608.73	609.00	601.00
590.00	609.00	595.49	590.20	339.00
576.00	600.00	586.15	579.30	116.00
575.00	583.50	577.68	576.90	131.00
574.50	595.90	577.47	576.50	425.00
575.00	594.80	577.31	575.20	252.00
579.00	585.80	582.86	581.90	228.00
579.70	588.70	584.40	584.10	155.00
584.10	599.90	590.08	594.30	290.00
590.00	599.00	596.87	595.60	121.00
588.00	610.00	604.55	606.20	255.00
605.50	633.90	625.85	630.90	531.00
600.00	637.50	629.24	627.30	120.00
621.00	649.80	638.44	643.90	462.00
643.90	658.00	647.83	650.90	347.00
645.50	657.00	649.87	647.00	219.00
644.00	649.90	644.51	644.30	249.00
644.00	655.00	648.91	651.50	310.00
646.00	658.90	652.76	655.50	201.00
651.00	661.00	654.17	655.20	387.00
612.00	650.00	630.81	634.80	659.00
595.00	644.00	621.53	619.60	412.00
605.00	630.00	617.58	625.90	152.00
615.30	627.00	619.11	616.70	182.00
610.00	623.50	613.46	611.90	436.00
597.00	620.00	607.04	602.50	273.00
596.00	614.40	607.32	607.00	162.00
595.00	610.00	601.52	601.00	176.00
591.00	603.00	598.94	597.70	190.00
598.50	614.00	603.10	608.00	160.00
603.00	623.00	617.73	609.30	231.00
601.50	608.00	603.69	603.80	98.00
596.00	605.00	600.83	602.20	127.00
595.10	600.00	596.18	595.80	56.00
599.00	600.00	599.31	599.10	53.00
590.20	599.00	592.51	592.60	58.00
585.00	595.00	590.28	591.40	68.00
586.00	605.00	595.29	597.80	30.00
590.10	600.00	593.97	593.80	22.00
571.10	600.00	579.56	580.60	265.00
578.00	604.00	586.39	581.70	83.00
582.50	587.00	585.80	585.90	24.00
578.30	603.00	591.60	589.20	122.00
580.10	592.40	587.60	590.00	34.00
585.50	600.00	590.75	589.90	62.00
592.00	625.00	612.71	597.40	178.00
570.00	618.00	595.10	591.40	81.00
576.00	590.00	582.90	582.00	29.00
575.00	598.50	589.09	590.00	33.00
583.00	598.60	589.13	589.10	3.00
586.00	595.00	588.89	587.30	34.00
580.00	599.00	589.60	593.80	58.00
586.00	596.70	592.38	594.60	51.00
586.00	601.00	593.00	596.40	44.00
555.00	603.00	595.17	591.70	47.00
567.00	596.70	580.51	589.70	39.00
580.00	600.00	588.89	597.00	68.00
588.00	598.00	592.53	591.90	22.00
580.30	591.90	581.65	580.80	33.00
582.00	592.00	585.20	587.70	68.00
571.00	615.00	585.73	589.60	44.00
583.00	590.00	586.65	588.40	41.00
545.00	590.50	582.87	586.70	52.00
580.50	591.40	584.22	585.60	104.00
585.00	595.00	590.70	593.90	46.00
595.00	604.30	599.38	599.70	114.00
590.00	601.90	596.11	598.30	103.00
590.00	601.70	595.96	596.00	108.00
593.70	629.00	605.77	614.70	139.00
610.00	622.00	618.12	616.70	122.00
575.00	613.00	605.41	606.00	36.00
588.00	606.00	596.29	593.80	71.00
590.00	605.00	598.29	599.90	53.00
555.00	605.00	596.44	599.70	48.00
588.00	604.80	601.06	601.80	41.00
578.40	603.00	591.04	598.50	104.00
575.00	600.50	592.41	595.90	80.00
594.00	601.00	597.37	596.50	26.00
581.40	590.00	584.23	584.00	11.00
594.70	594.70	594.70	594.70	1.00
583.00	596.80	592.15	588.00	78.00
572.10	599.00	593.57	597.50	31.00
598.00	609.00	603.60	604.40	87.00
601.20	619.00	612.71	610.60	33.00
598.00	606.80	602.32	601.90	45.00
580.00	605.00	592.30	594.00	59.00
598.60	628.00	611.75	611.70	236.00
595.20	619.70	602.58	603.60	145.00
586.00	594.80	590.54	590.20	27.00
576.00	592.00	582.28	578.00	61.00
577.10	600.00	589.94	590.90	15.00
593.10	606.00	602.36	598.30	67.00
591.50	600.00	597.48	596.60	26.00
575.00	584.50	579.84	580.30	29.00
567.50	580.00	571.52	571.80	93.00
581.00	609.90	598.67	601.40	80.00
606.40	615.40	611.34	612.40	190.00
599.90	624.00	605.76	601.30	37.00
605.50	613.00	610.86	610.80	43.00
608.00	618.00	613.89	615.40	102.00
600.00	623.00	615.38	606.20	151.00
605.10	610.00	606.89	606.40	31.00
587.10	604.50	594.62	596.70	17.00
591.10	612.00	605.14	606.40	122.00
599.00	603.00	601.06	600.00	27.00
600.00	608.00	603.44	604.90	38.00
605.00	611.00	607.96	608.30	74.00
590.00	601.00	598.81	599.90	17.00
597.00	604.10	599.90	599.90	77.00
589.00	606.00	595.79	595.10	12.00
600.00	600.00	600.00	600.00	39.00
587.00	600.00	597.16	595.70	26.00
598.00	601.00	599.73	599.50	15.00
600.00	609.00	605.57	606.40	73.00
605.00	615.00	612.30	608.90	142.00
605.00	611.00	609.92	609.70	64.00
580.00	603.00	601.26	601.70	28.00
603.00	610.00	608.60	607.50	21.00
603.50	610.00	606.77	605.80	24.00
604.50	609.90	605.87	605.40	15.00
606.20	610.00	608.87	609.10	10.00
601.10	611.00	605.52	605.20	75.00
585.00	618.00	612.89	616.50	78.00
585.00	624.00	617.14	618.50	163.00
621.00	634.00	625.60	626.30	103.00
616.60	629.00	626.30	626.80	27.00
585.00	620.30	618.11	619.30	29.00
590.00	623.30	618.11	619.80	31.00
619.00	624.00	621.14	620.90	67.00
618.00	622.50	619.88	619.50	25.00
615.10	625.00	618.80	617.20	7.00
595.20	615.00	603.99	600.20	104.00
598.10	601.00	600.59	600.70	30.00
602.00	609.00	606.58	606.50	18.00
600.00	604.00	602.49	602.40	17.00
595.10	600.00	596.44	596.30	18.00
580.00	595.90	591.17	587.10	36.00
578.00	581.00	580.02	579.20	5.00
570.00	602.00	595.53	598.30	54.00
580.00	598.30	581.58	580.60	27.00
576.00	580.10	577.34	577.50	23.00
561.00	580.00	570.62	567.60	31.00
553.10	574.00	565.67	562.30	7.00
570.00	588.00	578.08	580.50	40.00
553.00	576.50	558.20	555.70	22.00
553.10	582.90	564.57	565.90	9.00
555.00	567.00	559.56	560.50	11.00
537.00	560.50	543.49	541.70	23.00
505.00	542.00	538.76	541.80	12.00
510.00	537.00	528.54	523.30	41.00
510.00	551.00	534.80	543.80	72.00
530.00	545.00	533.41	534.30	39.00
538.00	567.50	553.00	555.70	24.00
552.50	573.90	571.75	572.60	17.00
540.00	572.50	569.28	570.00	33.00
556.00	570.00	562.03	561.80	8.00
570.10	578.30	575.63	575.60	6.00
566.20	571.90	568.20	568.60	6.00
557.70	569.20	561.92	562.70	13.00
525.00	570.00	568.45	570.00	29.00
578.50	589.00	584.19	586.60	62.00
550.00	597.30	588.96	591.30	43.00
560.00	618.90	609.49	611.20	40.00
597.00	617.00	611.18	610.20	43.00
608.10	620.00	617.27	618.10	94.00
579.00	647.00	632.23	636.90	142.00
620.00	643.00	631.91	621.90	169.00
582.10	659.00	637.23	640.80	193.00
600.00	645.00	630.65	630.20	181.00
628.00	639.00	634.73	637.10	179.00
634.50	640.00	636.77	635.20	176.00
626.10	644.00	638.75	642.60	427.00
630.00	647.90	637.61	635.90	92.00
635.00	642.90	637.44	637.60	106.00
632.00	639.80	638.12	637.00	314.00
589.30	610.00	595.31	589.80	362.00
575.50	593.00	581.87	576.00	177.00
574.70	581.00	576.76	576.90	94.00
580.00	583.90	581.72	582.70	104.00
577.20	585.00	580.96	579.70	58.00
577.20	596.90	587.84	591.10	146.00
591.50	594.70	593.01	591.90	95.00
586.60	592.00	588.27	587.20	137.00
585.00	589.00	587.75	586.50	165.00
579.00	587.00	582.39	584.70	181.00
580.00	587.00	582.07	581.10	69.00
577.60	583.80	580.15	578.10	205.00
575.00	580.00	577.07	575.90	55.00
573.20	587.60	575.02	574.30	44.00
571.10	575.20	573.50	573.80	24.00
568.00	574.00	570.29	571.30	40.00
569.20	573.00	570.00	569.60	34.00
560.00	577.00	573.26	572.60	52.00
560.00	600.00	590.08	586.40	62.00
588.10	594.00	590.56	589.90	65.00
587.50	592.90	591.19	590.80	43.00
586.10	591.50	590.06	590.60	143.00
586.50	592.00	590.70	590.80	159.00
581.00	590.00	585.10	588.80	39.00
571.00	580.10	576.28	575.70	25.00
573.70	604.00	596.42	601.10	72.00
585.60	596.00	589.87	589.50	15.00
585.00	593.00	590.23	591.00	32.00
581.20	595.00	589.79	594.10	51.00
583.00	593.00	588.65	587.90	20.00
578.00	590.00	588.26	589.20	43.00
590.00	595.00	592.85	592.30	15.00
592.00	597.00	595.02	593.70	17.00
585.20	598.00	593.18	593.10	34.00
590.00	600.00	596.54	597.30	52.00
592.60	594.60	593.47	593.50	14.00
595.80	600.00	598.57	599.70	86.00
598.00	606.00	599.96	604.00	91.00
591.00	600.00	592.79	592.10	17.00
600.00	604.00	600.84	600.00	24.00
605.00	610.00	608.01	608.50	43.00
600.00	608.50	601.58	600.40	14.00
600.00	600.00	600.00	600.00	4.00
593.50	601.00	594.48	593.70	9.00
600.00	600.00	600.00	600.00	2.00
600.00	600.10	600.02	600.00	22.00
595.00	601.90	599.24	599.40	25.00
599.00	601.00	599.90	599.90	20.00
590.00	604.90	597.57	599.80	7.00
599.00	601.50	600.06	600.00	11.00
590.10	604.00	600.55	601.50	17.00
598.00	602.00	600.36	599.80	45.00
604.00	607.00	605.38	605.20	45.00
595.20	605.60	600.97	598.50	33.00
590.50	598.90	592.81	592.70	25.00
592.00	595.00	594.06	593.50	17.00
592.00	595.00	594.47	594.30	26.00
593.00	598.00	595.90	596.40	48.00
590.00	591.00	590.50	590.60	2.00
588.00	591.00	590.01	590.10	9.00
570.00	595.00	584.20	594.40	5.00
583.00	598.00	588.53	587.90	6.00
588.00	588.00	588.00	588.00	2.00
589.00	600.00	592.29	598.30	7.00
599.00	605.00	600.11	600.10	99.00
597.50	605.00	600.66	599.70	30.00
591.60	600.00	596.08	599.50	4.00
592.00	600.00	597.13	596.10	38.00
597.00	600.00	598.29	598.20	7.00
593.00	605.00	601.83	596.70	155.00
552.00	601.00	592.53	594.20	18.00
595.00	605.00	597.92	600.30	26.00
595.00	605.00	601.69	600.40	50.00
593.10	593.10	593.10	593.10	1.00
565.10	596.50	593.65	595.80	14.00
597.00	602.00	600.65	601.10	8.00
600.00	604.00	601.56	601.20	22.00
598.00	603.00	598.99	599.50	17.00
598.00	605.00	602.08	601.00	30.00
596.00	609.00	601.56	602.60	27.00
602.00	608.00	606.17	606.10	26.00
615.00	640.00	623.53	623.90	115.00
620.00	637.00	626.59	627.70	51.00
629.00	638.00	634.97	635.90	173.00
632.00	670.10	656.02	662.20	224.00
656.10	673.90	664.46	658.60	51.00
638.00	662.00	650.63	643.80	45.00
634.10	647.50	641.53	642.90	75.00
630.00	654.00	639.29	643.20	55.00
625.00	649.90	640.14	639.30	43.00
640.70	648.70	644.05	644.80	48.00
634.10	645.00	640.16	640.70	123.00
636.00	640.00	637.14	636.50	124.00
636.00	640.00	638.75	637.60	21.00
630.00	650.00	643.35	644.50	28.00
641.00	645.00	642.28	641.60	27.00
642.00	647.90	644.22	644.80	25.00
645.00	650.00	648.16	648.90	38.00
647.00	653.00	650.95	651.50	26.00
665.00	674.90	668.56	668.80	128.00
670.00	673.00	670.48	670.30	14.00
670.00	675.00	672.47	672.10	53.00
675.10	683.00	678.66	680.30	30.00
680.00	696.00	687.27	686.90	35.00
680.00	683.00	682.39	682.60	27.00
682.00	694.00	688.55	692.00	49.00
676.00	689.00	680.32	681.80	36.00
673.00	686.00	682.82	682.90	17.00
676.50	685.00	683.92	684.80	44.00
690.00	709.00	697.23	695.30	54.00
686.10	712.90	699.67	700.30	39.00
690.00	707.00	698.10	695.40	53.00
692.00	701.60	699.55	700.60	50.00
676.00	703.00	695.99	700.00	121.00
699.00	703.00	700.51	699.30	54.00
700.00	705.00	702.81	701.70	52.00
696.00	704.80	700.23	699.40	40.00
703.00	720.00	709.57	712.30	88.00
713.00	730.00	719.75	723.60	96.00
725.00	738.00	727.90	733.30	141.00
730.00	739.00	734.70	737.70	43.00
730.00	740.00	733.58	731.40	43.00
731.00	736.50	733.46	731.60	168.00
731.00	736.00	733.71	733.70	92.00
734.00	738.00	735.08	734.30	118.00
733.20	736.10	734.52	734.10	147.00
734.20	750.00	742.44	744.70	81.00
745.00	750.00	747.25	747.80	70.00
746.10	764.00	752.50	752.70	114.00
745.00	752.00	746.41	746.00	27.00
745.10	770.00	752.74	745.60	46.00
745.10	760.00	753.88	749.50	49.00
742.20	750.00	745.88	744.50	26.00
744.50	755.00	752.44	753.70	117.00
751.00	768.00	763.42	758.90	160.00
760.00	795.00	765.50	762.70	34.00
758.00	767.90	763.12	762.60	60.00
755.70	770.00	761.11	761.50	90.00
767.00	780.00	772.42	775.40	127.00
772.00	782.00	780.51	781.20	64.00
750.00	784.00	780.12	781.30	127.00
779.00	785.00	780.42	779.90	229.00
772.00	781.50	778.93	775.90	111.00
770.00	775.00	771.68	770.60	87.00
770.00	782.00	779.24	779.50	118.00
780.10	798.00	791.75	794.20	217.00
760.00	800.00	796.70	799.30	510.00
795.00	807.90	797.59	795.30	235.00
782.00	795.70	787.57	788.90	29.00
780.00	799.00	791.60	795.60	195.00
780.00	828.00	813.27	825.40	485.00
815.00	887.20	874.29	885.10	578.00
855.00	887.00	862.23	863.30	49.00
840.00	879.00	860.47	857.00	122.00
860.00	893.90	885.86	878.20	246.00
860.00	940.70	914.35	940.30	344.00
951.50	999.00	977.99	972.90	240.00
939.90	979.00	962.18	951.50	138.00
910.00	949.00	921.73	915.30	262.00
892.00	912.00	904.08	893.90	207.00
885.00	921.00	903.91	915.30	226.00
890.00	915.00	906.29	901.90	85.00
860.00	908.00	867.19	865.90	84.00
860.00	889.00	880.05	882.00	158.00
880.00	894.00	884.22	889.10	129.00
880.20	919.90	903.20	892.60	80.00
880.30	900.00	887.65	883.30	126.00
886.00	891.00	888.49	888.50	108.00
881.10	888.50	883.69	881.80	93.00
872.00	912.00	882.29	878.00	162.00
850.40	871.00	861.53	853.70	151.00
879.00	900.00	894.84	899.70	238.00
875.00	904.00	889.07	878.20	102.00
870.00	886.00	877.92	877.70	42.00
873.00	890.00	876.45	875.90	49.00
865.00	873.00	869.18	869.20	8.00
862.00	884.40	868.00	866.80	13.00
850.00	870.00	860.82	857.50	26.00
840.50	856.90	854.00	854.70	21.00
840.00	853.00	843.70	840.80	49.00
830.00	859.00	835.87	837.60	12.00
835.00	848.90	843.53	843.30	38.00
837.10	860.00	840.62	840.00	51.00
825.00	844.50	837.41	834.80	71.00
830.20	859.90	838.56	839.50	17.00
826.30	843.10	838.30	838.30	5.00
832.00	842.50	838.19	837.60	64.00
820.00	842.00	836.27	840.10	11.00
835.00	845.00	839.15	839.10	11.00
839.00	840.30	839.86	839.80	11.00
838.00	840.00	839.20	839.20	9.00
836.00	840.00	837.29	837.90	9.00
829.00	850.00	845.82	844.40	27.00
836.00	845.00	842.00	842.00	7.00
832.00	850.00	843.89	842.10	9.00
840.00	869.90	854.91	864.20	149.00
875.00	915.00	900.88	910.00	169.00
909.10	949.00	933.39	935.80	239.00
902.00	929.90	911.64	903.00	56.00
889.00	920.00	908.26	914.60	54.00
915.20	936.90	931.73	934.60	78.00
935.00	948.90	942.38	942.60	94.00
920.00	936.00	930.99	934.80	351.00
910.10	925.20	914.44	911.90	32.00
880.00	915.90	899.29	896.70	29.00
885.20	913.00	895.42	896.20	25.00
890.00	919.00	895.28	895.10	39.00
893.50	907.00	898.00	898.00	6.00
900.00	923.90	915.70	917.40	32.00
891.50	921.00	910.49	909.00	26.00
905.00	912.00	907.82	908.10	10.00
850.00	944.00	917.85	925.90	73.00
927.00	940.00	935.90	936.40	74.00
926.00	949.90	942.78	933.70	65.00
925.00	934.00	927.28	925.90	79.00
915.00	933.00	929.47	927.90	102.00
927.00	934.80	929.19	928.30	77.00
923.10	930.00	928.84	926.70	44.00
917.10	923.00	918.85	918.40	30.00
900.50	917.00	910.81	908.50	37.00
903.00	920.50	907.44	907.80	21.00
904.00	925.00	914.60	914.20	36.00
910.00	948.00	933.20	919.20	141.00
900.00	938.00	910.16	905.30	107.00
906.00	927.00	921.47	920.70	77.00
902.00	946.00	908.31	902.90	114.00
885.00	915.00	905.47	904.50	39.00
882.00	919.00	900.64	902.00	84.00
900.00	940.00	920.69	931.00	163.00
939.00	960.00	946.59	941.50	189.00
931.70	960.00	948.89	935.40	142.00
922.00	939.00	929.76	926.10	169.00
866.00	900.00	874.74	879.30	93.00
870.00	899.00	889.17	890.80	14.00
880.00	910.00	900.66	903.80	79.00
896.00	909.90	899.94	900.30	41.00
900.00	907.60	900.15	900.00	51.00
895.00	903.00	899.53	900.10	29.00
900.00	900.10	900.01	900.00	25.00
870.00	890.00	880.70	883.00	3.00
898.50	910.00	906.29	908.00	68.00
900.00	902.50	900.19	900.00	30.00
900.00	902.80	900.65	900.50	21.00
891.00	909.90	901.91	903.20	20.00
890.00	900.00	899.05	898.50	53.00
896.00	901.00	899.03	899.50	15.00
904.00	910.00	908.33	909.10	44.00
902.00	910.00	909.05	908.90	14.00
897.00	898.00	897.15	897.10	15.00
910.00	912.00	910.27	910.20	15.00
898.10	901.00	899.96	899.60	40.00
850.00	899.90	890.88	893.60	18.00
883.00	886.00	884.64	884.60	5.00
885.00	897.00	889.25	889.80	4.00
879.00	890.00	882.70	885.40	5.00
881.00	885.00	883.34	882.50	12.00
870.00	880.00	873.89	872.50	27.00
870.00	895.00	881.56	881.10	20.00
861.00	888.00	872.75	871.00	44.00
870.00	875.00	871.31	871.10	14.00
875.50	882.00	877.81	878.30	9.00
880.00	900.00	889.04	893.40	52.00
886.00	891.10	888.96	888.60	13.00
855.00	903.00	899.82	900.10	57.00
892.00	910.00	907.70	905.90	58.00
900.00	910.00	906.92	907.00	17.00
915.00	969.40	953.12	959.30	252.00
946.50	969.90	957.02	961.50	116.00
945.00	970.00	958.43	951.40	41.00
935.00	949.90	940.80	940.10	93.00
931.00	944.00	935.98	935.30	30.00
938.50	964.00	951.40	952.70	83.00
955.10	965.00	959.74	957.20	120.00
950.00	960.00	956.82	956.40	61.00
955.00	997.00	975.59	984.90	89.00
960.50	975.00	969.93	969.60	27.00
975.00	990.00	987.61	988.00	91.00
980.00	993.70	988.11	989.50	58.00
950.00	995.00	980.98	975.70	36.00
970.00	970.00	970.00	970.00	5.00
980.00	998.00	991.54	990.70	60.00
991.00	1,008.00	999.63	1,000.50	53.00
1,001.00	1,024.00	1,014.11	1,011.00	117.00
1,000.00	1,020.00	1,005.25	1,001.10	92.00
992.00	1,028.00	999.58	999.70	45.00
950.00	1,002.80	998.52	997.80	58.00
1,004.00	1,030.00	1,012.65	1,023.30	192.00
1,010.00	1,064.90	1,052.40	1,058.90	254.00
1,079.00	1,107.90	1,093.08	1,093.10	323.00
1,050.00	1,110.00	1,070.68	1,052.20	81.00
1,080.00	1,100.00	1,087.60	1,082.80	118.00
1,070.00	1,084.00	1,078.05	1,075.70	111.00
1,065.00	1,081.00	1,070.19	1,069.20	62.00
1,060.00	1,075.00	1,063.97	1,061.90	32.00
1,050.00	1,056.50	1,051.21	1,051.10	49.00
1,030.00	1,055.00	1,045.96	1,041.40	60.00
1,030.20	1,040.60	1,034.35	1,031.70	98.00
1,015.00	1,065.00	1,039.54	1,054.50	67.00
1,060.00	1,070.00	1,061.71	1,066.80	149.00
1,076.00	1,094.80	1,080.50	1,079.20	42.00
1,076.20	1,100.00	1,082.94	1,084.10	110.00
1,070.00	1,084.10	1,078.02	1,073.30	110.00
1,066.00	1,078.00	1,072.95	1,077.10	104.00
1,052.00	1,080.00	1,067.28	1,065.30	30.00
1,064.00	1,080.00	1,070.93	1,077.10	83.00
1,060.00	1,084.00	1,074.21	1,067.20	58.00
1,068.10	1,078.00	1,071.73	1,069.60	48.00
1,050.00	1,083.00	1,075.60	1,076.30	30.00
1,080.00	1,119.00	1,091.92	1,100.00	73.00
1,101.00	1,168.70	1,160.02	1,166.50	92.00
1,227.00	1,239.40	1,237.53	1,239.40	120.00
1,201.00	1,316.70	1,272.64	1,226.50	75.00
1,151.00	1,190.00	1,165.54	1,155.90	28.00
1,161.00	1,228.00	1,197.81	1,211.50	83.00
1,210.00	1,225.00	1,214.08	1,214.00	20.00
1,155.00	1,215.00	1,191.67	1,179.30	44.00
1,125.00	1,130.00	1,127.50	1,127.50	8.00
1,080.00	1,102.00	1,088.30	1,084.70	26.00
1,084.00	1,110.00	1,098.22	1,095.90	75.00
1,111.00	1,121.00	1,116.49	1,120.80	51.00
1,125.00	1,190.00	1,168.12	1,177.90	51.00
1,190.00	1,248.00	1,212.98	1,241.10	103.00
1,245.00	1,298.00	1,281.17	1,289.10	185.00
1,250.00	1,369.60	1,327.06	1,369.60	253.00
1,353.00	1,453.90	1,410.53	1,426.50	115.00
1,430.00	1,500.00	1,459.91	1,446.50	151.00
1,382.00	1,454.00	1,435.04	1,433.90	108.00
1,358.50	1,450.00	1,378.49	1,372.10	98.00
1,350.00	1,390.00	1,372.55	1,378.70	72.00
1,391.00	1,420.00	1,397.89	1,395.40	93.00
1,350.00	1,410.00	1,376.36	1,386.20	128.00
1,366.00	1,409.00	1,380.22	1,379.30	30.00
1,362.30	1,382.00	1,374.16	1,376.30	49.00
1,370.00	1,462.00	1,430.92	1,461.80	242.00
1,465.00	1,540.00	1,504.72	1,506.40	379.00
1,490.10	1,550.00	1,512.27	1,495.70	404.00
1,500.00	1,577.00	1,536.42	1,553.00	180.00
1,590.00	1,650.00	1,632.24	1,637.80	150.00
1,565.00	1,631.10	1,599.31	1,590.20	128.00
1,599.00	1,640.00	1,617.11	1,599.80	82.00
1,530.00	1,600.00	1,572.14	1,544.40	109.00
1,507.00	1,570.00	1,524.41	1,515.10	47.00
1,455.00	1,530.00	1,481.42	1,461.60	126.00
1,465.00	1,545.00	1,531.81	1,534.20	49.00
1,503.00	1,568.00	1,543.49	1,525.90	48.00
1,503.00	1,542.00	1,524.70	1,536.80	54.00
1,499.50	1,558.50	1,511.43	1,503.90	45.00
1,499.00	1,557.00	1,525.06	1,534.80	85.00
1,540.00	1,579.00	1,563.10	1,561.70	39.00
1,550.00	1,611.70	1,588.31	1,591.10	65.00
1,542.20	1,607.00	1,572.02	1,564.30	38.00
1,510.00	1,552.00	1,523.63	1,514.40	46.00
1,486.20	1,511.00	1,495.43	1,489.40	60.00
1,475.00	1,500.00	1,495.19	1,497.40	80.00
1,494.00	1,560.00	1,499.56	1,498.70	49.00
1,456.00	1,500.00	1,470.93	1,458.70	56.00
1,435.00	1,455.50	1,444.72	1,443.40	36.00
1,400.00	1,440.00	1,419.24	1,413.60	53.00
1,413.50	1,435.00	1,420.38	1,419.00	18.00
1,425.10	1,505.00	1,478.34	1,498.40	109.00
1,500.00	1,540.00	1,526.60	1,524.60	193.00
1,512.00	1,535.00	1,521.55	1,524.50	132.00
1,450.00	1,580.00	1,548.18	1,561.80	160.00
1,520.00	1,589.00	1,567.44	1,575.00	202.00
1,550.00	1,587.80	1,563.56	1,569.30	135.00
1,480.00	1,540.00	1,506.21	1,489.10	49.00
1,400.00	1,549.00	1,501.57	1,513.80	190.00
1,420.00	1,600.00	1,575.49	1,589.80	305.00
1,505.00	1,618.00	1,562.99	1,536.50	58.00
1,450.00	1,549.50	1,521.88	1,525.60	50.00
1,530.00	1,580.00	1,564.63	1,577.10	81.00
1,501.00	1,521.00	1,511.95	1,511.80	15.00
1,508.50	1,550.00	1,523.87	1,529.90	14.00
1,510.00	1,540.00	1,526.69	1,526.60	9.00
1,465.00	1,540.00	1,518.68	1,518.60	13.00
1,485.00	1,511.00	1,503.62	1,503.60	18.00
1,482.00	1,500.00	1,489.38	1,489.70	19.00
1,512.00	1,582.80	1,548.56	1,559.70	46.00
1,542.00	1,569.10	1,556.79	1,555.40	14.00
1,531.00	1,550.00	1,537.20	1,536.70	11.00
1,550.00	1,800.00	1,639.22	1,573.00	208.00
1,590.00	1,627.50	1,605.98	1,600.70	37.00
1,560.00	1,617.90	1,599.08	1,600.00	29.00
1,590.00	1,615.10	1,605.18	1,600.10	53.00
1,600.00	1,650.00	1,602.83	1,600.60	23.00
1,600.00	1,630.00	1,609.83	1,608.50	16.00
1,600.00	1,665.00	1,617.22	1,616.80	5.00
1,605.00	1,625.00	1,614.30	1,615.70	20.00
1,610.00	1,616.00	1,612.00	1,612.00	3.00
1,612.50	1,641.00	1,621.82	1,634.10	52.00
1,630.00	1,639.90	1,636.42	1,634.20	50.00
1,630.00	1,648.00	1,640.24	1,641.10	25.00
1,630.00	1,719.00	1,692.07	1,704.40	109.00
1,701.00	1,760.00	1,713.74	1,704.20	46.00
1,704.00	1,710.00	1,707.88	1,709.90	43.00
1,615.00	1,690.00	1,667.26	1,670.20	12.00
1,697.00	1,710.00	1,705.79	1,706.20	40.00
1,650.00	1,665.00	1,660.56	1,659.70	9.00
1,658.00	1,666.00	1,662.40	1,661.00	20.00
1,635.00	1,655.00	1,646.51	1,646.50	10.00
1,680.00	1,698.00	1,688.67	1,687.50	34.00
1,650.00	1,687.80	1,654.20	1,652.50	9.00
1,650.00	1,670.00	1,657.26	1,657.20	13.00
1,670.00	1,757.10	1,693.73	1,701.80	89.00
1,665.00	1,666.00	1,665.20	1,665.10	5.00
1,662.00	1,662.00	1,662.00	1,662.00	6.00
1,658.00	1,670.00	1,661.69	1,661.60	9.00
1,616.00	1,650.00	1,632.27	1,630.20	23.00
1,610.00	1,640.00	1,618.55	1,622.70	11.00
1,650.00	1,650.00	1,650.00	1,650.00	1.00
1,590.00	1,650.00	1,612.62	1,608.90	21.00
1,580.00	1,600.00	1,588.21	1,588.10	18.00
1,580.00	1,595.00	1,588.80	1,590.20	10.00
1,571.00	1,610.00	1,589.24	1,587.60	17.00
1,580.00	1,606.00	1,589.24	1,588.00	21.00
1,600.00	1,640.00	1,601.82	1,600.00	44.00
1,600.00	1,700.00	1,608.51	1,610.80	55.00
1,600.00	1,700.00	1,608.88	1,603.10	17.00
1,592.30	1,700.00	1,618.02	1,595.20	14.00
2,325.00	2,420.30	2,383.93	2,420.20	126.00
2,320.00	2,365.00	2,338.68	2,342.90	21.00
2,612.00	2,750.00	2,710.31	2,704.40	30.00
2,670.00	2,820.10	2,791.26	2,818.40	108.00
1,650.00	1,729.00	1,692.81	1,720.50	58.00
1,690.00	1,700.00	1,697.38	1,692.70	8.00
1,681.10	1,720.00	1,700.41	1,699.90	10.00
1,688.00	1,700.00	1,696.21	1,695.50	20.00
1,663.00	1,681.00	1,671.36	1,673.00	9.00
1,580.00	1,675.00	1,626.69	1,666.70	13.00
1,685.00	1,740.00	1,698.38	1,695.20	16.00
1,695.00	1,701.50	1,698.34	1,697.80	21.00
1,693.00	1,700.00	1,698.00	1,698.00	17.00
1,685.00	1,750.00	1,699.90	1,689.90	12.00
1,700.00	1,760.00	1,710.13	1,747.20	69.00
1,720.00	1,847.10	1,819.53	1,847.00	134.00
1,820.00	1,946.90	1,885.83	1,929.00	101.00
1,595.00	1,669.90	1,612.33	1,629.10	72.00
1,900.00	1,950.00	1,923.92	1,925.50	9.00
2,260.00	2,318.00	2,289.16	2,280.10	42.00
2,300.00	2,539.90	2,481.27	2,522.70	202.00
2,300.00	2,420.00	2,383.68	2,393.90	85.00
2,205.00	2,419.00	2,381.90	2,411.30	79.00
2,581.00	2,640.00	2,603.98	2,603.80	25.00
2,766.00	2,810.00	2,801.40	2,798.90	94.00
2,750.00	2,780.00	2,756.20	2,763.00	5.00
2,035.30	2,060.00	2,044.74	2,049.10	52.00
1,950.00	2,150.00	2,059.13	2,074.30	18.00
2,023.00	2,054.00	2,038.75	2,033.70	37.00
1,990.00	2,033.70	2,012.05	2,010.60	17.00
1,950.00	2,060.00	2,051.21	2,054.20	79.00
1,990.00	2,088.00	2,061.06	2,051.30	131.00
2,065.00	2,138.00	2,107.20	2,108.10	42.00
2,005.00	2,120.00	2,098.63	2,101.70	48.00
2,091.00	2,115.00	2,105.94	2,103.40	129.00
2,060.00	2,208.50	2,137.44	2,198.90	177.00
2,007.00	2,310.00	2,244.13	2,299.10	416.00
1,841.00	1,947.00	1,922.93	1,924.80	29.00
2,166.50	2,220.00	2,179.41	2,173.00	26.00
2,492.80	2,550.00	2,531.28	2,545.50	84.00
2,275.00	2,380.00	2,355.34	2,354.60	29.00
2,290.80	2,385.00	2,340.58	2,344.30	12.00
2,330.00	2,410.00	2,371.96	2,372.70	14.00
2,595.00	2,600.00	2,596.13	2,596.00	8.00
2,725.10	2,725.50	2,725.25	2,725.20	4.00
2,085.00	2,155.00	2,146.23	2,144.50	71.00
2,116.10	2,117.10	2,116.80	2,116.80	4.00
2,025.00	2,150.00	2,124.44	2,146.10	90.00
2,100.00	2,138.90	2,124.36	2,122.10	16.00
2,125.00	2,189.80	2,145.15	2,180.00	156.00
2,131.00	2,160.00	2,145.20	2,145.20	10.00
2,105.00	2,135.00	2,113.67	2,114.90	104.00
2,101.00	2,125.00	2,115.07	2,118.90	58.00
2,100.00	2,148.00	2,117.98	2,126.40	57.00
2,105.00	2,232.70	2,195.47	2,232.60	104.00
2,211.00	2,330.00	2,286.27	2,305.10	42.00
1,925.00	2,018.00	1,953.20	1,961.60	32.00
2,070.00	2,218.00	2,115.11	2,096.50	47.00
2,390.10	2,422.00	2,415.01	2,415.00	7.00
2,300.00	2,340.00	2,304.68	2,304.20	14.00
2,260.00	2,425.00	2,391.84	2,414.90	65.00
2,551.00	2,590.00	2,566.57	2,565.10	21.00
2,400.00	2,549.00	2,517.89	2,519.90	45.00
2,523.00	2,600.00	2,573.54	2,596.20	133.00
2,490.00	2,573.40	2,531.91	2,537.30	14.00
2,440.10	2,590.00	2,514.78	2,527.50	29.00
2,470.00	2,482.00	2,479.90	2,479.90	13.00
2,450.00	2,460.00	2,455.74	2,455.70	11.00
2,444.00	2,500.00	2,484.74	2,478.50	19.00
2,482.10	2,530.00	2,521.62	2,519.60	39.00
2,460.00	2,540.00	2,509.44	2,480.20	54.00
2,390.10	2,509.00	2,444.61	2,463.60	22.00
2,449.00	2,510.00	2,486.03	2,495.00	38.00
2,380.00	2,509.00	2,491.58	2,499.00	16.00
2,406.00	2,515.00	2,482.19	2,458.50	62.00
1,865.00	2,061.60	2,038.04	2,061.30	44.00
1,991.80	2,198.00	2,074.70	2,093.40	42.00
2,381.00	2,500.00	2,402.74	2,391.90	36.00
2,200.00	2,319.90	2,229.58	2,227.30	18.00
2,413.00	2,428.00	2,420.07	2,419.70	15.00
2,725.00	2,725.30	2,725.17	2,725.10	7.00
2,240.00	2,400.00	2,323.38	2,311.00	58.00
2,217.00	2,300.00	2,243.33	2,247.30	40.00
2,220.00	2,231.10	2,226.65	2,226.60	8.00
2,213.00	2,250.00	2,218.76	2,219.90	49.00
2,220.00	2,240.00	2,231.87	2,230.80	22.00
2,120.00	2,250.00	2,228.44	2,229.30	101.00
2,120.00	2,229.00	2,194.63	2,194.50	29.00
2,085.00	2,162.00	2,144.40	2,159.20	5.00
2,145.00	2,170.00	2,151.65	2,151.70	114.00
2,100.00	2,259.20	2,224.12	2,251.00	130.00
2,250.00	2,264.00	2,251.58	2,250.70	26.00
2,150.00	2,362.90	2,339.95	2,354.30	151.00
1,629.90	1,629.90	1,629.90	1,629.90	1.00
2,061.00	2,164.30	2,138.37	2,100.80	391.00
2,085.00	2,187.00	2,145.27	2,132.10	39.00
2,480.00	2,580.00	2,511.24	2,497.80	40.00
2,326.30	2,505.00	2,403.26	2,439.40	93.00
2,377.00	2,461.50	2,423.15	2,454.70	98.00
2,320.00	2,460.00	2,439.86	2,450.50	58.00
2,725.20	2,726.00	2,725.47	2,725.40	3.00
2,135.00	2,150.00	2,141.36	2,140.70	58.00
2,070.00	2,125.00	2,102.55	2,110.30	31.00
2,100.00	2,150.00	2,113.06	2,110.00	31.00
2,050.00	2,115.00	2,091.75	2,089.50	20.00
2,059.50	2,109.00	2,074.48	2,096.90	210.00
2,070.00	2,134.00	2,107.44	2,107.40	7.00
2,076.00	2,100.00	2,086.19	2,082.20	37.00
2,080.00	2,100.00	2,089.29	2,087.50	20.00
2,100.00	2,120.00	2,115.23	2,115.20	13.00
2,010.00	2,198.00	2,130.15	2,133.10	26.00
2,050.00	2,220.00	2,193.43	2,207.90	103.00
2,100.00	2,318.20	2,297.92	2,318.10	95.00
1,631.00	1,650.00	1,640.89	1,640.80	7.00
2,400.00	2,620.00	2,582.34	2,606.20	145.00
2,400.00	2,450.00	2,430.40	2,432.00	10.00
2,390.10	2,425.20	2,407.83	2,407.80	8.00
2,340.00	2,520.00	2,479.05	2,505.00	53.00
2,440.00	2,440.00	2,440.00	2,565.10	1.00
2,298.00	2,360.00	2,332.51	2,336.80	26.00
2,321.30	2,340.00	2,333.49	2,332.40	8.00
2,220.00	2,415.00	2,397.17	2,407.20	26.00
2,290.00	2,420.00	2,412.12	2,418.00	42.00
2,380.00	2,425.00	2,401.09	2,401.00	10.00
2,400.00	2,410.00	2,401.39	2,401.50	18.00
2,410.00	2,490.00	2,444.10	2,429.30	39.00
2,370.00	2,440.00	2,418.49	2,420.30	20.00
2,417.90	2,447.00	2,428.31	2,435.40	47.00
1,649.90	1,669.00	1,657.48	1,661.60	98.00
2,615.00	2,652.00	2,647.27	2,647.70	160.00
2,311.00	2,420.00	2,385.48	2,395.00	17.00
2,150.00	2,260.00	2,219.84	2,232.70	24.00
2,347.00	2,380.00	2,366.29	2,366.20	15.00
2,437.00	2,625.00	2,581.19	2,609.40	48.00
2,470.30	2,481.00	2,475.42	2,475.40	10.00
2,470.00	2,475.00	2,472.48	2,471.40	29.00
2,473.00	2,475.20	2,474.74	2,475.00	45.00
2,460.00	2,470.00	2,460.43	2,460.50	23.00
2,400.00	2,434.00	2,415.26	2,401.90	46.00
2,400.00	2,405.00	2,400.35	2,400.40	173.00
2,390.00	2,410.00	2,399.77	2,400.20	65.00
2,300.00	2,520.20	2,486.26	2,507.90	104.00
2,475.00	2,633.20	2,592.92	2,631.80	68.00
2,677.00	2,750.00	2,732.89	2,737.10	176.00
1,632.10	1,750.00	1,676.45	1,651.90	12.00
2,000.00	2,120.00	2,104.45	2,103.40	36.00
2,126.10	2,170.00	2,150.11	2,151.40	25.00
2,545.00	2,655.00	2,564.36	2,550.20	24.00
2,170.00	2,285.00	2,206.89	2,210.80	19.00
2,331.00	2,340.10	2,336.90	2,336.90	7.00
2,480.00	2,670.00	2,628.07	2,657.40	28.00
2,700.00	2,750.00	2,726.60	2,726.60	30.00
2,650.00	2,700.00	2,697.91	2,699.90	27.00
2,700.00	2,758.00	2,740.92	2,750.10	83.00
2,750.00	2,753.00	2,751.33	2,751.30	3.00
2,700.00	2,768.00	2,749.28	2,757.00	65.00
2,757.00	2,875.00	2,817.85	2,804.70	100.00
2,750.00	2,840.00	2,796.41	2,802.30	9.00
2,700.00	2,750.00	2,721.33	2,719.80	9.00
2,750.00	2,753.00	2,751.58	2,751.50	5.00
2,660.00	2,753.00	2,748.04	2,752.00	23.00
2,676.00	2,741.00	2,711.83	2,708.40	18.00
2,701.00	2,739.00	2,711.00	2,711.00	4.00
2,600.00	2,729.00	2,696.41	2,692.40	46.00
2,600.00	2,827.00	2,790.63	2,798.00	240.00
2,070.00	2,150.00	2,098.83	2,087.60	85.00
2,090.00	2,137.00	2,123.01	2,118.80	7.00
2,440.00	2,540.00	2,500.43	2,520.00	41.00
2,150.00	2,239.00	2,195.29	2,191.60	39.00
2,223.00	2,223.00	2,223.00	2,336.90	2.00
2,480.00	2,500.00	2,491.20	2,491.20	5.00
2,550.00	2,690.00	2,667.26	2,678.80	32.00
2,600.00	2,725.00	2,705.07	2,722.80	14.00
2,680.20	2,768.90	2,721.29	2,709.30	8.00
2,580.00	2,800.00	2,722.39	2,721.70	16.00
2,715.00	2,800.00	2,741.59	2,738.60	18.00
2,722.10	2,747.00	2,740.78	2,742.00	4.00
2,745.00	2,745.00	2,745.00	2,745.00	1.00
2,700.00	2,745.90	2,704.23	2,704.20	11.00
2,599.00	2,799.00	2,726.80	2,732.30	21.00
2,620.00	2,754.00	2,691.33	2,754.00	3.00
2,761.00	2,790.00	2,776.18	2,774.00	6.00
2,650.00	2,670.00	2,660.00	2,774.00	2.00
2,645.00	2,645.00	2,645.00	2,774.00	1.00
2,720.00	2,725.00	2,722.50	2,774.00	2.00
2,750.00	2,774.00	2,753.30	2,751.50	10.00
2,710.00	2,750.00	2,742.50	2,743.30	8.00
2,056.00	2,094.00	2,073.64	2,073.40	37.00
2,117.00	2,150.00	2,138.52	2,141.60	33.00
2,305.10	2,350.00	2,325.74	2,327.70	15.00
2,200.00	2,240.00	2,213.31	2,211.80	13.00
2,489.40	2,520.00	2,502.68	2,501.30	19.00
2,600.00	2,700.00	2,689.94	2,697.80	30.00
2,680.00	2,711.00	2,701.01	2,699.40	158.00
2,681.10	2,700.00	2,694.08	2,699.60	31.00
2,690.00	2,691.00	2,690.43	2,690.40	7.00
2,692.00	2,705.00	2,693.28	2,696.20	19.00
2,696.50	2,700.00	2,698.06	2,697.80	18.00
2,697.00	2,800.00	2,714.93	2,700.70	7.00
2,685.00	2,750.00	2,704.86	2,696.80	7.00
2,559.00	2,583.00	2,567.84	2,567.80	9.00
2,520.00	2,580.20	2,570.13	2,580.10	6.00
2,475.00	2,585.00	2,530.00	2,585.00	2.00
2,580.00	2,714.20	2,690.53	2,708.60	40.00
2,737.10	2,760.00	2,744.69	2,746.30	9.00
2,685.00	2,760.00	2,714.58	2,714.50	12.00
2,700.00	2,710.00	2,705.00	2,702.10	24.00
2,600.00	2,722.00	2,701.30	2,709.70	13.00
2,720.00	2,745.00	2,725.67	2,723.50	43.00
2,725.00	2,748.00	2,741.60	2,741.10	5.00
2,750.00	2,773.00	2,763.00	2,759.40	8.00
2,730.00	2,795.00	2,750.76	2,749.00	73.00
2,681.00	2,745.00	2,709.94	2,689.10	44.00
2,626.00	2,700.00	2,664.12	2,675.00	40.00
2,650.00	2,680.00	2,660.42	2,651.70	77.00
2,641.00	2,694.00	2,655.52	2,649.90	29.00
2,640.00	2,670.00	2,647.29	2,645.90	53.00
2,621.00	2,650.00	2,638.31	2,633.00	62.00
2,620.00	2,639.00	2,628.81	2,626.00	61.00
2,625.00	2,655.00	2,632.37	2,627.10	30.00
2,600.00	2,630.00	2,609.33	2,603.00	35.00
2,580.20	2,602.10	2,592.78	2,593.20	44.00
2,610.00	2,660.00	2,638.57	2,650.30	41.00
2,640.00	2,669.00	2,660.70	2,661.00	30.00
2,631.00	2,660.00	2,637.73	2,636.00	28.00
2,634.00	2,684.00	2,664.17	2,676.40	36.00
2,666.00	2,693.90	2,681.45	2,677.20	39.00
2,690.00	2,733.00	2,713.32	2,727.00	116.00
2,665.00	2,740.00	2,702.73	2,699.50	54.00
2,730.00	2,809.00	2,790.44	2,802.60	162.00
2,785.00	2,808.00	2,800.12	2,800.10	68.00
2,800.00	2,874.00	2,829.80	2,853.60	87.00
2,807.00	2,890.00	2,868.49	2,884.00	89.00
2,817.00	2,850.00	2,836.18	2,836.40	23.00
2,801.50	2,864.00	2,819.07	2,813.50	27.00
2,800.00	2,830.00	2,817.63	2,821.70	29.00
2,770.00	2,815.00	2,792.10	2,788.30	23.00
2,762.10	2,800.00	2,779.34	2,775.60	24.00
2,780.00	2,849.00	2,798.85	2,794.70	19.00
2,783.00	2,800.00	2,792.45	2,791.00	8.00
2,790.00	2,804.00	2,801.12	2,800.70	13.00
2,800.70	2,839.80	2,822.03	2,816.60	8.00
2,780.00	2,957.30	2,882.33	2,934.40	117.00
2,871.00	2,940.00	2,928.00	2,935.00	30.00
2,900.00	2,929.00	2,903.93	2,903.00	114.00
2,900.00	2,918.00	2,905.99	2,900.90	114.00
2,920.00	2,974.00	2,943.13	2,950.00	39.00
2,932.50	3,000.00	2,972.30	2,948.80	113.00
2,922.20	2,979.00	2,938.93	2,927.10	89.00
2,906.00	2,940.00	2,912.05	2,907.30	108.00
2,905.00	2,940.00	2,913.14	2,908.10	53.00
2,890.00	2,924.00	2,902.16	2,891.10	65.00
2,880.00	2,900.00	2,885.17	2,881.50	82.00
2,882.00	2,911.00	2,897.85	2,884.90	50.00
2,870.00	2,919.00	2,879.12	2,878.00	86.00
2,880.00	3,000.00	2,943.28	2,962.40	224.00
2,967.10	3,000.00	2,980.33	2,975.80	122.00
2,975.00	3,000.00	2,989.09	2,978.80	119.00
2,800.00	2,984.00	2,910.23	2,915.00	109.00
2,873.00	2,950.00	2,907.54	2,898.40	108.00
2,900.00	2,930.00	2,906.40	2,911.30	54.00
2,900.00	2,930.00	2,916.77	2,928.20	114.00
2,925.00	3,074.60	3,005.81	3,062.70	224.00
3,021.10	3,099.00	3,086.78	3,075.90	157.00
3,025.00	3,092.00	3,055.97	3,037.70	111.00
3,021.00	3,055.00	3,031.98	3,031.20	86.00
3,003.60	3,040.00	3,016.68	3,017.30	92.00
2,870.00	2,960.00	2,926.36	2,895.50	107.00
2,901.50	2,999.00	2,981.30	2,975.90	100.00
2,910.00	3,009.80	2,993.73	3,004.10	94.00
3,029.00	3,099.00	3,075.90	3,089.10	175.00
3,099.00	3,144.00	3,124.08	3,137.00	206.00
3,106.00	3,155.00	3,147.13	3,151.70	102.00
3,155.00	3,189.90	3,175.60	3,176.50	124.00
3,113.00	3,177.80	3,134.51	3,126.50	80.00
3,075.00	3,162.00	3,106.15	3,104.80	53.00
3,071.00	3,160.00	3,088.30	3,079.70	76.00
3,092.00	3,149.00	3,122.66	3,116.70	118.00
3,096.00	3,125.00	3,110.41	3,118.40	84.00
3,076.00	3,125.00	3,111.18	3,110.80	81.00
3,051.00	3,107.00	3,068.99	3,056.50	92.00
3,051.00	3,150.00	3,062.53	3,059.50	47.00
3,063.00	3,180.00	3,136.04	3,156.70	342.00
3,090.00	3,170.00	3,114.05	3,099.30	100.00
3,046.30	3,098.90	3,059.13	3,054.90	212.00
3,030.00	3,051.00	3,040.30	3,044.40	31.00
3,020.30	3,050.00	3,039.52	3,033.00	62.00
3,000.00	3,034.90	3,009.36	3,016.20	61.00
3,002.00	3,020.00	3,014.12	3,017.40	16.00
2,992.10	3,039.60	3,005.44	2,999.00	89.00
2,950.00	3,000.00	2,975.31	2,974.40	23.00
3,016.00	3,075.00	3,041.75	3,035.10	131.00
3,001.00	3,079.00	3,038.50	3,008.10	110.00
3,005.00	3,050.00	3,014.12	3,015.80	106.00
2,980.00	3,020.00	2,992.35	3,001.50	71.00
2,980.00	3,014.00	2,996.40	2,989.20	67.00
2,982.00	3,010.00	2,998.66	2,984.70	129.00
2,985.00	3,010.00	2,994.65	2,986.10	62.00
2,960.00	3,020.00	2,980.19	2,992.70	42.00
2,939.00	3,000.00	2,955.35	2,972.10	73.00
2,960.00	3,020.00	2,996.49	3,003.60	75.00
2,911.10	3,045.00	2,974.13	2,979.40	48.00
2,945.00	3,128.30	3,051.79	3,111.60	412.00
3,020.00	3,150.00	3,094.84	3,091.50	31.00
3,022.00	3,051.00	3,041.84	3,039.80	70.00
2,963.80	3,030.00	2,983.00	2,974.00	147.00
2,971.00	3,055.00	2,990.91	2,994.60	61.00
2,977.50	2,999.00	2,982.52	2,984.70	58.00
2,932.00	2,965.00	2,949.02	2,937.10	182.00
2,901.00	2,935.00	2,925.13	2,929.50	62.00
2,905.20	2,940.00	2,923.83	2,911.00	210.00
2,882.10	2,920.00	2,893.91	2,888.60	127.00
2,865.00	2,900.00	2,871.04	2,869.80	75.00
2,843.00	2,900.00	2,867.59	2,850.70	158.00
2,850.00	2,900.00	2,864.90	2,864.80	77.00
2,760.00	2,908.00	2,864.52	2,838.00	172.00
2,850.00	2,876.00	2,855.52	2,850.90	29.00
2,835.20	2,880.00	2,860.07	2,857.60	3.00
2,870.00	2,908.00	2,889.43	2,886.70	60.00
2,880.00	2,900.00	2,895.67	2,891.90	38.00
2,900.00	2,959.00	2,935.48	2,949.10	99.00
2,900.00	2,952.00	2,928.22	2,912.40	149.00
2,852.00	2,900.00	2,862.82	2,859.90	45.00
